2.643299145355854307e+00 -1.778523443499580026e-01 1.175896739237259681e+00
-6.215489374009735002e-01 8.930986348786973394e-03 -1.334973619818242696e-01
-1.622121211648059447e+00 -6.754584935920848743e-03 -1.003852231092335900e+00
-9.942942226838908937e-01 -1.512589067892406547e+00 -7.073919269585076108e-01
1.847600697277463455e+00 1.387958805303666887e+00 -1.867708698288255365e+00
-2.623196691691351834e+00 -1.468054842125545711e+00 2.366499846097755988e-01
9.955946163736371091e-01 8.187892264415523869e-01 2.967903395656321663e-01
3.904224976228078958e-01 -5.674722226244170997e-01 4.419159620590562554e-01
-1.669075754139211831e+00 3.569897991128101467e-02 -2.112888245071952831e+00
-1.892073563062467656e+00 2.487530627698220087e-01 2.193969103362405804e+00
5.548958760855712269e-01 -1.294407115305172162e+00 8.748444996334137080e-01
-1.085450468763014875e+00 -3.648286136814700154e-01 -9.287416080042727451e-01
1.444310060527584483e+00 5.957065253257951554e-01 1.078869581840677938e+00
2.863041957333507526e-01 -3.328322552349050056e-01 8.535339085425732719e-01
1.443424274518093853e+00 1.956222601711203879e-01 1.896828743887226665e-01
-5.869141475495780469e-01 -1.568250984068185971e+00 -2.482443479048015433e-01
3.589522769624686305e+00 9.573575968098424482e-01 2.587431222854981172e-01
-1.225262021509209376e+00 5.984796712695299448e-01 3.688680939965323091e-01
-2.456464746030596613e-01 -1.110445323248820948e-01 -7.838093413423270484e-01
1.293670781332843633e+00 -6.287104791216964195e-01 -7.306475030313980268e-01
2.129481811743517028e+00 -1.004650627302680510e+00 1.217547646557250118e+00
-6.792657535402593094e-01 6.697963791915879650e-01 1.018926628834708303e+00
-6.041028715068981203e-01 -9.390455219348065041e-02 1.154978753553312476e+00
1.748293179769393468e+00 -1.128761290256020677e+00 -2.715350086328248036e+00
-4.055030364470024296e+00 8.781808509069364277e-01 -2.034085259537576462e+00
7.345942066538100335e-01 -8.885546622916535853e-01 1.399523687574259156e+00
-7.050935130232005577e-02 2.623154079701635055e-01 1.360910557655188313e+00
-8.700075983387023371e-02 2.909861338538561881e-01 -2.624421083738148752e-01
5.117204185781050185e-01 1.740064286725265141e+00 -5.859243801073379387e-01
9.188399008788584732e-01 -1.709764124616939718e+00 -1.296599516515180017e-01
-5.921925667179508412e-01 -9.158663405106226563e-02 -9.820847612935741378e-01
-1.672248816675883987e+00 -3.457340665142221159e-01 7.804813901226745898e-01
1.894739950927488703e+00 4.411036295210741809e-01 -2.772876772811898594e+00
-9.811619391584827099e-01 -9.606355308161482753e-01 -5.024766379046923248e-01
-6.743259099631664366e-01 8.534721300786674014e-02 -8.594697253665639636e-02
1.403909967679737747e+00 5.829852647093503037e-02 -8.791437263773929089e-01
1.812851938064525825e-01 5.871125996828956417e-01 -1.267023206880653952e+00
-2.699283977161164305e+00 2.172372660468002703e-01 1.020828539730622930e+00
8.288170870477244989e-01 -1.885152950585165854e+00 9.195619299997588314e-01
3.149010202114332913e-01 -9.390975891019337496e-04 -4.171906472241655450e-01
6.244712627172781527e-01 5.563426904046253618e-01 -1.501425120904762434e-01
1.180335535433295391e+00 1.574301146334584622e+00 2.775221126746298950e-01
-3.139885787479375079e-01 -1.441294451381591735e-01 -3.225404548802841553e-01
1.195071797152006177e+00 5.642870480527663046e-01 1.735469607309138240e+00
-2.464126599087180125e+00 6.748539499969297140e-01 -1.519833781234865455e+00
2.955472541752477866e+00 5.579547293263615870e-01 -1.761795808313735279e-01
-8.382301915692567107e-01 -5.634543748049497536e-01 -1.036151945502440386e+00
-5.901192270542630069e-01 1.690147046231544437e+00 2.474132960420931227e+00
5.879485515885072289e-01 -1.787237908290464361e+00 -3.435724953102017309e+00
-1.456097815262633599e-01 7.096340648221470815e-01 -4.855843896541323090e-01
1.748277536997875359e+00 1.011041287201351224e+00 1.390553381197150884e+00
2.942887423368434341e-01 7.071446083006915906e-02 1.038118270326605419e+00
-3.989877400528598628e-01 1.249468291705909451e+00 -1.248492365405596161e+00
1.189343529231720709e+00 -1.308179968597045217e-01 3.844891294647823088e-02
-2.483528447274792939e+00 6.253507728794787113e-01 -1.136076280498450330e+00
-2.197917524938710621e-01 -1.339447053652639719e+00 -4.309453277681482009e-01
-1.386277953732260038e+00 -1.976602026387254796e+00 1.125041391100677579e+00
1.259157347521159487e+00 1.627889860840057601e+00 -1.896920712296529921e+00
-2.408816886432462390e+00 -4.710623597886729463e-01 1.224032033482344906e+00
2.415010658234835184e+00 8.578099852948619652e-01 2.098577089982557986e+00
9.759153540795431070e-01 -1.131549715407492940e+00 -1.036250850595633155e+00
1.438655620378298750e+00 1.296900184488910757e+00 5.888909510263731217e-01
8.064941361216426685e-02 1.307154169534703536e+00 -2.692867442329429650e+00
-4.503562286521315627e+00 -1.031440638909089103e+00 3.089680934357375008e+00
2.135548003700478148e-01 9.944541907075290510e-01 1.290637172153054735e+00
-2.432178671029269879e+00 -4.460616811852275987e-01 -4.214564514098473325e-02
2.427413798542105372e+00 2.703734933724681877e-01 -3.606519363093200203e-01
2.724639381646630554e+00 -2.852410527683176267e-01 1.026574740969696586e+00
-1.343416071461657424e+00 -3.264698161894443729e-01 1.160815779735631104e-01
-5.252471379749579228e-01 2.976687646806794874e-01 1.132463822992235691e-01
-1.343120202805152985e+00 -9.153425981202190087e-02 2.737657833077946634e-01
7.866799745333992178e-01 8.001915419299621135e-03 -3.800631925523703103e-01
0.000000000000000000e+00 0.000000000000000000e+00 0.000000000000000000e+00
0.000000000000000000e+00 0.000000000000000000e+00 0.000000000000000000e+00
0.000000000000000000e+00 0.000000000000000000e+00 0.000000000000000000e+00
0.000000000000000000e+00 0.000000000000000000e+00 0.000000000000000000e+00
0.000000000000000000e+00 0.000000000000000000e+00 0.000000000000000000e+00
0.000000000000000000e+00 0.000000000000000000e+00 0.000000000000000000e+00
0.000000000000000000e+00 0.000000000000000000e+00 0.000000000000000000e+00
0.000000000000000000e+00 0.000000000000000000e+00 0.000000000000000000e+00
0.000000000000000000e+00 0.000000000000000000e+00 0.000000000000000000e+00
0.000000000000000000e+00 0.000000000000000000e+00 0.000000000000000000e+00
0.000000000000000000e+00 0.000000000000000000e+00 0.000000000000000000e+00
0.000000000000000000e+00 0.000000000000000000e+00 0.000000000000000000e+00
0.000000000000000000e+00 0.000000000000000000e+00 0.000000000000000000e+00
0.000000000000000000e+00 0.000000000000000000e+00 0.000000000000000000e+00
0.000000000000000000e+00 0.000000000000000000e+00 0.000000000000000000e+00
0.000000000000000000e+00 0.000000000000000000e+00 0.000000000000000000e+00
0.000000000000000000e+00 0.000000000000000000e+00 0.000000000000000000e+00
0.000000000000000000e+00 0.000000000000000000e+00 0.000000000000000000e+00
0.000000000000000000e+00 0.000000000000000000e+00 0.000000000000000000e+00
0.000000000000000000e+00 0.000000000000000000e+00 0.000000000000000000e+00
0.000000000000000000e+00 0.000000000000000000e+00 0.000000000000000000e+00
0.000000000000000000e+00 0.000000000000000000e+00 0.000000000000000000e+00
0.000000000000000000e+00 0.000000000000000000e+00 0.000000000000000000e+00
0.000000000000000000e+00 0.000000000000000000e+00 0.000000000000000000e+00
0.000000000000000000e+00 0.000000000000000000e+00 0.000000000000000000e+00
0.000000000000000000e+00 0.000000000000000000e+00 0.000000000000000000e+00
0.000000000000000000e+00 0.000000000000000000e+00 0.000000000000000000e+00
0.000000000000000000e+00 0.000000000000000000e+00 0.000000000000000000e+00
0.000000000000000000e+00 0.000000000000000000e+00 0.000000000000000000e+00
0.000000000000000000e+00 0.000000000000000000e+00 0.000000000000000000e+00
0.000000000000000000e+00 0.000000000000000000e+00 0.000000000000000000e+00
0.000000000000000000e+00 0.000000000000000000e+00 0.000000000000000000e+00
0.000000000000000000e+00 0.000000000000000000e+00 0.000000000000000000e+00
0.000000000000000000e+00 0.000000000000000000e+00 0.000000000000000000e+00
0.000000000000000000e+00 0.000000000000000000e+00 0.000000000000000000e+00
0.000000000000000000e+00 0.000000000000000000e+00 0.000000000000000000e+00
0.000000000000000000e+00 0.000000000000000000e+00 0.000000000000000000e+00
0.000000000000000000e+00 0.000000000000000000e+00 0.000000000000000000e+00
0.000000000000000000e+00 0.000000000000000000e+00 0.000000000000000000e+00
0.000000000000000000e+00 0.000000000000000000e+00 0.000000000000000000e+00
0.000000000000000000e+00 0.000000000000000000e+00 0.000000000000000000e+00
0.000000000000000000e+00 0.000000000000000000e+00 0.000000000000000000e+00
0.000000000000000000e+00 0.000000000000000000e+00 0.000000000000000000e+00
0.000000000000000000e+00 0.000000000000000000e+00 0.000000000000000000e+00
0.000000000000000000e+00 0.000000000000000000e+00 0.000000000000000000e+00
0.000000000000000000e+00 0.000000000000000000e+00 0.000000000000000000e+00
0.000000000000000000e+00 0.000000000000000000e+00 0.000000000000000000e+00
0.000000000000000000e+00 0.000000000000000000e+00 0.000000000000000000e+00
0.000000000000000000e+00 0.000000000000000000e+00 0.000000000000000000e+00
0.000000000000000000e+00 0.000000000000000000e+00 0.000000000000000000e+00
0.000000000000000000e+00 0.000000000000000000e+00 0.000000000000000000e+00
0.000000000000000000e+00 0.000000000000000000e+00 0.000000000000000000e+00
0.000000000000000000e+00 0.000000000000000000e+00 0.000000000000000000e+00
0.000000000000000000e+00 0.000000000000000000e+00 0.000000000000000000e+00
0.000000000000000000e+00 0.000000000000000000e+00 0.000000000000000000e+00
0.000000000000000000e+00 0.000000000000000000e+00 0.000000000000000000e+00
0.000000000000000000e+00 0.000000000000000000e+00 0.000000000000000000e+00
0.000000000000000000e+00 0.000000000000000000e+00 0.000000000000000000e+00
0.000000000000000000e+00 0.000000000000000000e+00 0.000000000000000000e+00
0.000000000000000000e+00 0.000000000000000000e+00 0.000000000000000000e+00
0.000000000000000000e+00 0.000000000000000000e+00 0.000000000000000000e+00
0.000000000000000000e+00 0.000000000000000000e+00 0.000000000000000000e+00
0.000000000000000000e+00 0.000000000000000000e+00 0.000000000000000000e+00
0.000000000000000000e+00 0.000000000000000000e+00 0.000000000000000000e+00
0.000000000000000000e+00 0.000000000000000000e+00 0.000000000000000000e+00
0.000000000000000000e+00 0.000000000000000000e+00 0.000000000000000000e+00
0.000000000000000000e+00 0.000000000000000000e+00 0.000000000000000000e+00
0.000000000000000000e+00 0.000000000000000000e+00 0.000000000000000000e+00
0.000000000000000000e+00 0.000000000000000000e+00 0.000000000000000000e+00
0.000000000000000000e+00 0.000000000000000000e+00 0.000000000000000000e+00
0.000000000000000000e+00 0.000000000000000000e+00 0.000000000000000000e+00
0.000000000000000000e+00 0.000000000000000000e+00 0.000000000000000000e+00
7.032772054149803997e-01 -8.091488959591894292e-02 5.462387071173379072e-01
-6.796913811431295471e-01 1.925836155892284296e-01 -1.413972405677554889e+00
-1.629760671860217780e+00 -8.610569075970868624e-01 1.938579175589330239e+00
6.592333855089975714e-01 9.460968371096267759e-01 -2.517035775893319283e-01
-4.563801259536202082e-01 7.358926957260687740e-02 -4.185970656044402105e-01
-1.440674869172767103e+00 2.543572899599553239e-01 -4.135664388526727464e-01
-1.847956655250754920e+00 -2.680677682764098790e-01 -6.854372880832215742e-01
-1.492807940201828387e+00 -1.710396994842312779e+00 -1.465689510112838434e+00
1.405847574677931977e+00 5.414414217171892307e-01 2.225292364145273982e+00
1.133643948082543318e+00 7.466489518506591594e-01 -1.583521718560092495e+00
-6.153166661806279691e-01 -1.961693482688994017e+00 2.006142238216859219e-01
1.586087418540728322e+00 3.167055920102939126e-01 2.212174989215327514e+00
-4.041830904830145954e-02 5.815947777315626510e-01 5.729043499410035878e-01
-9.877627947194014268e-01 -5.177303396313845951e-01 4.925645505988995865e-01
-5.995244944638477014e-01 -1.396523672869044663e+00 -1.867783240284339286e+00
-3.870012694810810672e+00 1.122224672146813873e+00 -3.885951324529060003e-01
3.200022982892903656e+00 -1.826760318204151190e+00 7.480540162819693251e-01
1.253245971134219872e+00 4.554253055021035834e-01 1.048468428766341276e+00
-1.062448681322706534e+00 -8.489900991487075999e-02 -8.974781417028210306e-01
-5.183441783572462214e-01 -2.525454508412749988e-01 1.426319970096737944e+00
-2.035951533422574844e+00 -2.103214389744145763e-03 -6.847102160563034445e-02
-1.806332263776943226e+00 -1.011100336847837955e+00 -1.110459342508512304e+00
-4.896299081551834798e-01 3.324525879970363640e-02 8.119374944612414158e-01
1.691928168323102000e+00 -9.240119757669162937e-02 -4.944176073418020678e-01
1.273281419512386492e-01 -5.441161324915810837e-02 1.368042092023699752e+00
1.318573896121961297e+00 -4.829046684626518982e-01 -4.203850440378573694e-01
1.011014041041107703e+00 8.945063858583353067e-01 -7.676751014128058159e-02
-7.692124381187721571e-01 6.979429681402378183e-01 1.550540551045129334e+00
3.263558811891584810e+00 -1.061492097699101578e+00 -8.783492558193302102e-01
-3.712353064342295283e-01 -5.943263089043142600e-01 -1.047543914647036445e+00
-5.598991191357539643e-01 1.882972722363773777e-01 -1.476743187440293870e+00
5.756220616768310538e-01 -5.544539473126377516e-01 1.381437956939139511e+00
9.140550173009411861e-01 2.128077928693112852e-01 1.969385197240358654e-01
7.279300552729470741e-01 3.136959307155598453e-01 -8.570631108842308166e-02
1.317196994543337496e+00 2.353498183926490128e-01 4.627795440528927884e-01
-8.987565025419264053e-01 1.606028393832562351e+00 -1.610963163160275657e+00
-1.485817343108458033e+00 1.558055931049580067e-01 -3.616188582536477014e+00
2.923269671897785749e-01 -1.821173143546541695e-01 8.030203751310631688e-01
1.782497508084858184e+00 -3.473856814879123789e-01 2.381600035697595263e-01
-5.719649137230261582e-01 -1.370428581631923937e+00 -1.158437163506802925e+00
-2.221997911556172767e-01 9.891669027979332895e-01 -1.106719367832237566e+00
-1.660569641012707098e+00 -1.297533135388774794e-01 -5.640291855910573027e-01
3.004900370231258222e-01 5.198306985152427728e-01 -1.349629497367565989e-01
-2.042166373845702765e+00 -8.824275597485211620e-01 2.389636076450187829e+00
-4.710030418711248501e-01 1.189752368128869087e-01 -1.050804676704750751e+00
6.582199043203340594e-03 1.567479202267558769e+00 8.458392292761220954e-01
1.120447395343961317e+00 -3.790133248000382427e-02 7.847172811582618923e-01
-6.578765961580372856e-01 -4.288075062122713721e-01 2.464160845587840321e+00
2.864360944935103959e+00 1.143135596673516829e+00 1.339960612648383176e-02
-1.616415442794743029e-01 -9.270814336404669120e-01 6.864356395128652366e-01
-2.093472589339880674e+00 -4.406571283161488939e-01 6.526883577055415664e-01
-1.168076695516147012e+00 -6.747446749604817384e-01 3.842809838909300169e-01
8.605083583569117511e-02 4.835975203168321190e-01 9.043126066537772179e-01
-8.013725221104621710e-01 -2.101963596388856104e-02 1.743028027020734783e+00
2.707875558898393820e+00 3.829993189928018182e-01 -3.210105142057457783e-01
-8.778594090445812625e-02 -6.137332320895345639e-01 -1.069530406074767903e+00
1.459446961262869991e+00 3.554301139747622074e-01 -1.174985030061322711e+00
-9.443997415064586676e-01 1.428355385697727797e+00 -3.431074921104482200e-02
9.616307342468202179e-01 -1.044343708703556306e+00 -1.532898311898318600e+00
3.397969425984683767e-01 5.437430993599718931e-01 2.946718200703344337e-01
8.040671141388884280e-01 3.305982203692110488e-01 2.336972968168993248e-02
2.255765613747495735e+00 -5.277395011645857892e-01 1.896817477809685570e+00
-1.214730394130750124e+00 -2.948984896226813923e-02 -1.314542706281489393e+00
2.485213672843795685e+00 6.043757472305231193e-01 -7.379388337102434914e-01
-8.848520313287987493e-01 1.110219335373761274e+00 -2.984497147686168805e+00
2.840969859148799515e+00 -1.376040785219487361e+00 2.079792754151583267e+00
-4.219925411482776667e-01 5.027779632929707532e-01 -7.327752209997342447e-01
-2.140452330825876714e+00 3.153704910641259573e-01 1.271484613371704597e+00
1.360860066075133545e-01 -9.536393267004541485e-01 -8.425149225787293972e-01
-4.949814767810494232e-01 3.484127345802789932e-01 -1.122797858086983069e+00
-2.417503496072438196e+00 1.587363208712986307e-01 1.103060784535095706e+00
5.256044688685506117e-01 -2.263623944694472812e-01 -1.584247921391579439e-01
0.000000000000000000e+00 0.000000000000000000e+00 0.000000000000000000e+00
0.000000000000000000e+00 0.000000000000000000e+00 0.000000000000000000e+00
0.000000000000000000e+00 0.000000000000000000e+00 0.000000000000000000e+00
0.000000000000000000e+00 0.000000000000000000e+00 0.000000000000000000e+00
0.000000000000000000e+00 0.000000000000000000e+00 0.000000000000000000e+00
0.000000000000000000e+00 0.000000000000000000e+00 0.000000000000000000e+00
0.000000000000000000e+00 0.000000000000000000e+00 0.000000000000000000e+00
0.000000000000000000e+00 0.000000000000000000e+00 0.000000000000000000e+00
0.000000000000000000e+00 0.000000000000000000e+00 0.000000000000000000e+00
0.000000000000000000e+00 0.000000000000000000e+00 0.000000000000000000e+00
0.000000000000000000e+00 0.000000000000000000e+00 0.000000000000000000e+00
0.000000000000000000e+00 0.000000000000000000e+00 0.000000000000000000e+00
0.000000000000000000e+00 0.000000000000000000e+00 0.000000000000000000e+00
0.000000000000000000e+00 0.000000000000000000e+00 0.000000000000000000e+00
0.000000000000000000e+00 0.000000000000000000e+00 0.000000000000000000e+00
0.000000000000000000e+00 0.000000000000000000e+00 0.000000000000000000e+00
0.000000000000000000e+00 0.000000000000000000e+00 0.000000000000000000e+00
0.000000000000000000e+00 0.000000000000000000e+00 0.000000000000000000e+00
0.000000000000000000e+00 0.000000000000000000e+00 0.000000000000000000e+00
0.000000000000000000e+00 0.000000000000000000e+00 0.000000000000000000e+00
0.000000000000000000e+00 0.000000000000000000e+00 0.000000000000000000e+00
0.000000000000000000e+00 0.000000000000000000e+00 0.000000000000000000e+00
0.000000000000000000e+00 0.000000000000000000e+00 0.000000000000000000e+00
0.000000000000000000e+00 0.000000000000000000e+00 0.000000000000000000e+00
0.000000000000000000e+00 0.000000000000000000e+00 0.000000000000000000e+00
0.000000000000000000e+00 0.000000000000000000e+00 0.000000000000000000e+00
0.000000000000000000e+00 0.000000000000000000e+00 0.000000000000000000e+00
0.000000000000000000e+00 0.000000000000000000e+00 0.000000000000000000e+00
0.000000000000000000e+00 0.000000000000000000e+00 0.000000000000000000e+00
0.000000000000000000e+00 0.000000000000000000e+00 0.000000000000000000e+00
0.000000000000000000e+00 0.000000000000000000e+00 0.000000000000000000e+00
0.000000000000000000e+00 0.000000000000000000e+00 0.000000000000000000e+00
0.000000000000000000e+00 0.000000000000000000e+00 0.000000000000000000e+00
0.000000000000000000e+00 0.000000000000000000e+00 0.000000000000000000e+00
0.000000000000000000e+00 0.000000000000000000e+00 0.000000000000000000e+00
0.000000000000000000e+00 0.000000000000000000e+00 0.000000000000000000e+00
0.000000000000000000e+00 0.000000000000000000e+00 0.000000000000000000e+00
0.000000000000000000e+00 0.000000000000000000e+00 0.000000000000000000e+00
0.000000000000000000e+00 0.000000000000000000e+00 0.000000000000000000e+00
0.000000000000000000e+00 0.000000000000000000e+00 0.000000000000000000e+00
0.000000000000000000e+00 0.000000000000000000e+00 0.000000000000000000e+00
0.000000000000000000e+00 0.000000000000000000e+00 0.000000000000000000e+00
0.000000000000000000e+00 0.000000000000000000e+00 0.000000000000000000e+00
0.000000000000000000e+00 0.000000000000000000e+00 0.000000000000000000e+00
0.000000000000000000e+00 0.000000000000000000e+00 0.000000000000000000e+00
0.000000000000000000e+00 0.000000000000000000e+00 0.000000000000000000e+00
0.000000000000000000e+00 0.000000000000000000e+00 0.000000000000000000e+00
0.000000000000000000e+00 0.000000000000000000e+00 0.000000000000000000e+00
0.000000000000000000e+00 0.000000000000000000e+00 0.000000000000000000e+00
0.000000000000000000e+00 0.000000000000000000e+00 0.000000000000000000e+00
0.000000000000000000e+00 0.000000000000000000e+00 0.000000000000000000e+00
0.000000000000000000e+00 0.000000000000000000e+00 0.000000000000000000e+00
0.000000000000000000e+00 0.000000000000000000e+00 0.000000000000000000e+00
0.000000000000000000e+00 0.000000000000000000e+00 0.000000000000000000e+00
0.000000000000000000e+00 0.000000000000000000e+00 0.000000000000000000e+00
0.000000000000000000e+00 0.000000000000000000e+00 0.000000000000000000e+00
0.000000000000000000e+00 0.000000000000000000e+00 0.000000000000000000e+00
0.000000000000000000e+00 0.000000000000000000e+00 0.000000000000000000e+00
0.000000000000000000e+00 0.000000000000000000e+00 0.000000000000000000e+00
0.000000000000000000e+00 0.000000000000000000e+00 0.000000000000000000e+00
0.000000000000000000e+00 0.000000000000000000e+00 0.000000000000000000e+00
0.000000000000000000e+00 0.000000000000000000e+00 0.000000000000000000e+00
0.000000000000000000e+00 0.000000000000000000e+00 0.000000000000000000e+00
0.000000000000000000e+00 0.000000000000000000e+00 0.000000000000000000e+00
0.000000000000000000e+00 0.000000000000000000e+00 0.000000000000000000e+00
0.000000000000000000e+00 0.000000000000000000e+00 0.000000000000000000e+00
0.000000000000000000e+00 0.000000000000000000e+00 0.000000000000000000e+00
0.000000000000000000e+00 0.000000000000000000e+00 0.000000000000000000e+00
0.000000000000000000e+00 0.000000000000000000e+00 0.000000000000000000e+00
0.000000000000000000e+00 0.000000000000000000e+00 0.000000000000000000e+00
0.000000000000000000e+00 0.000000000000000000e+00 0.000000000000000000e+00
0.000000000000000000e+00 0.000000000000000000e+00 0.000000000000000000e+00
-1.026325387906740438e+00 2.711143447444210874e-01 4.062323017825644200e-01
5.391085144732299383e-01 5.961095669309317557e-01 7.699559663645404450e-01
2.483953609888993330e-02 -4.227108318115765928e-02 6.707559263710864694e-02
-4.231930846408513691e-01 8.781933628968263683e-01 -1.068324930307684717e-02
1.039287182090300021e+00 9.852835977557117264e-02 1.927332157249501687e-01
1.264266039276795706e-01 -7.483393158881442020e-02 5.341544126309843987e-01
8.111261405104606137e-01 5.612357977503907858e-01 -4.551907262832066703e-01
-2.840612261399788618e-01 -5.866271766415329103e-02 -4.804733814477621934e-01
-4.708175143148207731e-01 -1.164053149288864386e+00 1.211069080299203904e+00
6.662619448603523953e-01 -4.012571633895350987e-02 -1.779446455221715406e-01
-4.129836743265263843e-01 -1.291402570699883956e+00 6.737066898089358880e-01
-4.206093268662203233e-01 -1.097709323177566088e+00 -8.932144863376629829e-01
5.160358291684281618e-01 -4.389946642703042023e-01 -4.128611637691634861e-01
-4.908528462658188207e-01 9.351797331349624987e-01 1.265381265486038576e+00
-4.170703388968539649e-01 8.545175636976910516e-01 1.754101318204371318e-01
6.711390033076328754e-01 6.128362972680856391e-01 1.290063783842197997e-01
-1.777292289013443050e+00 -2.576233512957367688e-01 5.990439854793154772e-01
5.149923047474476157e-01 3.132163614228655746e-01 1.658006586924604120e-02
-1.616532704134307497e-01 1.758525370355452422e+00 -4.735011747483697242e-02
1.408615102754809945e-01 -8.770157645239495814e-01 -1.633396819826720137e-01
8.871001398813709304e-01 -2.113841918774473250e+00 -6.135848556833267686e-01
2.878774821693101504e+00 1.406528053492962282e+00 -1.021850542443228371e-01
9.184449501372815572e-02 8.195673111975287917e-01 -1.551078786801001197e-01
-1.038917169652514350e+00 6.054755897291796279e-02 -1.669375445354284171e-01
-9.820323309055474237e-01 8.546036882650532851e-01 6.392400539412013138e-01
7.393349715951091916e-01 -1.105231948643834228e+00 -1.053302498827368289e-01
1.145955350874965806e+00 -2.682489641267773006e+00 3.001022024045041370e-01
5.422934913675024893e-01 -1.087321355909284692e+00 -3.385450455781283674e-01
-1.825760816727517999e-01 -6.646745235684831110e-01 2.438827340893139350e+00
-2.596940751977241391e-01 8.705618406824791045e-01 5.451803433243529451e-02
-1.039834439489292439e+00 7.719594459945735565e-01 9.683987295027485231e-02
4.932608619615048706e-01 2.737512347504608812e+00 7.293247359350968351e-02
-4.741629281881825086e-01 -1.185413738692238317e+00 -1.316747853959526537e+00
1.831443390117992731e-01 1.969898556012063262e-01 3.191081576344070858e-01
-4.972106486881702203e-01 -9.340130707231253382e-02 8.022901596727534113e-01
-3.622549588099099882e-02 3.807899275093492575e-01 -1.338984629842607355e+00
4.834330259229577820e-01 6.947623793031847406e-01 -6.154797667975219211e-01
-1.356911486706835201e-01 3.809732148183771483e-01 -2.676377901121227421e-01
1.339928082435078771e+00 4.341057511103634248e-01 4.730559762489925379e-01
1.341112506390543579e+00 6.728627806748250784e-01 -6.369706411234697663e-02
-7.832187279647306877e-02 5.902021660587287721e-01 6.062540178689809767e-02
-1.483737604747903394e-01 -2.929482121485854629e-01 3.301268594304141990e-01
1.243754313262819822e-01 -3.914530733877165103e-01 -7.524749368132521710e-01
-3.464202990978576535e-02 7.829473361222387684e-01 4.037465517991605246e-01
2.257077327333599781e-01 -4.805047450994287539e-01 -1.055599949066472476e-01
5.918404934994916933e-02 1.909891410027829028e+00 -6.191038648234643560e-01
8.510438107736304492e-01 4.688489483635864818e-01 -9.997856090051859823e-02
-5.386624222543687779e-01 6.006701377960144139e-01 1.652744582182214816e-01
8.081860292914055943e-01 4.058748650284150772e-01 -3.868436836718201766e-02
-6.414477476152966595e-01 -1.014521043548067547e-01 2.804373279366695337e-01
-3.702282329975422615e-01 -2.944070060728582600e-02 -2.187531127481057158e-01
-1.187791855168363941e+00 -6.663604761194965587e-01 3.097013446901776268e-01
5.477178522247712067e-01 -2.295988938966594950e-01 -1.126585863733926995e+00
3.336040816847661850e-01 5.470012431606893211e-01 7.805993343326708134e-01
-3.718510189032783742e-02 -1.412944027981054784e+00 -8.923541817890776606e-01
3.259634631790037651e-01 9.229446246021389966e-01 4.702355560854469263e-01
1.242700098038156120e-02 7.596698488287365603e-01 7.875758195207385182e-01
-2.309356488348356384e-01 -2.064834183926387567e-01 -1.630877874537790817e-01
-2.524890381643398740e-01 -1.609950375065983819e-01 -1.651934174677515133e-01
4.763330525211511013e-01 -2.714663166990813337e-02 1.528160389073615066e-01
-4.848271679768927922e-01 1.536645420517461558e+00 1.095569170432067807e+00
6.701671726154794229e-01 -1.115892230726000633e+00 -6.062919406781102083e-01
-5.114032706910387471e-01 -6.713741543958200442e-01 -6.593185961113121607e-01
-2.085076013187349975e-01 -1.081548026642553229e+00 -7.280242652879945209e-02
3.023502635074447054e-01 9.197614743172870533e-01 4.296547878748711025e-01
-1.083754381224967950e-01 -1.401680938512578911e-01 -2.075427971276792571e-01
2.639943339030970670e-01 1.583466485136048041e-02 2.706027140030543010e-01
1.454230384927595043e-01 -2.454745716050125148e-01 1.683367239782659341e-01
-3.339698732036606721e-01 3.013720161498668615e-01 -4.026552808389454174e-01
9.149362212770260072e-01 -1.283451851575233782e+00 -1.270496911259382244e+00
-4.928557086337365112e-01 7.679944123602197026e-01 9.810485861833367904e-02
-7.560815326647470913e-01 -5.724236467650689608e-02 1.003216580575595041e+00
8.020294281520521373e-01 1.057905498598098459e-01 -5.253982964083651064e-01
-2.945467729857017547e-01 4.485451511150770898e-01 7.043508914093969953e-01
1.282894485916099836e-01 -4.035237349713249877e-01 -4.896011920970919085e-02
-6.628009265056927779e-01 -5.263679250124273512e-01 -8.517928531831250316e-01
2.633076119244598945e-01 5.131239151710466351e-03 3.125964432969291495e-01
2.484119015504963612e-01 1.649554384934326934e-01 4.955562861388951856e-01
-1.226665793977829821e+00 5.030517814197197346e-01 -8.899375015903798758e-01
-1.441043100089211271e-01 -2.748248038427810735e-01 6.839050907498176457e-01
1.178458178939174816e+00 -2.939490529939683960e-01 7.243715961209673537e-02
1.158622940411457636e+00 2.983141468673955465e+00 1.311600764626378535e+00
-2.552877626171140557e-01 -4.611308073361537474e-01 -1.040032140091739166e+00
-5.485125958473230368e-01 -8.455472626476165932e-01 -2.913110174760864535e-01
3.508314840098025744e-01 -2.529710598682402001e-01 4.249263462053112228e-01
9.160152924446088307e-02 3.213604328872583099e-02 4.845365538285459350e-01
2.185921323490164214e-01 7.700300936186102452e-02 -8.596151176988899856e-01
1.105728960365219907e-02 -6.001907200751882554e-01 -1.208223158632610039e-01
-2.070025728509140572e-01 9.744220718468969977e-01 2.244655369110651888e-01
1.949563518323062516e-01 -1.161445219641009663e-01 -2.740501597764760655e-01
-8.845148315906006253e-01 1.897638310983901455e+00 -1.373693021843831241e+00
5.583474288698601073e-01 1.298740747792213324e-01 9.707534227839607066e-01
3.398155622636686024e-01 -1.496479710273814323e+00 2.815798557928930745e-01
4.761956930029005441e-01 -7.391839241283557627e-01 4.707100788651667755e-02
-6.405667001252598469e-01 -3.390840741656930835e-01 -4.302779662334974692e-03
-1.100636690590442446e-01 8.563011312184936052e-01 -5.543044005135117080e-02
-8.652936598861180606e-01 1.170762698651242051e+00 1.352278145198766879e+00
8.900627513636749644e-01 -8.700679312601189430e-01 -1.707708802024754391e+00
-6.423922093181680393e-02 -2.260834161650818741e-01 1.997654143941035021e-01
3.446008703850978461e-01 6.548529301044317408e-02 4.337361245330457749e-01
-9.992328248272352997e-02 8.768434904057145762e-02 -1.297325774830072609e-01
-3.827155579458006995e-01 -2.381623870038085400e-01 -2.175627220289509944e-01
4.642146471978991218e-01 -9.628967860331103523e-01 5.609878927872447019e-02
-3.738661110525178799e-01 4.362162306573177384e-01 -9.003447301168265859e-02
2.387232661686807256e-01 1.527398459817089493e-01 -6.610189514604761229e-02
-6.288223261937981867e-01 1.006348624357680466e+00 8.134293514331196739e-01
4.989085793083927189e-01 1.872603777161939709e-01 9.598013366278379532e-02
-1.233846087134408964e-01 -7.997289404414064107e-01 -8.259627719913439359e-01
1.258697101564890009e+00 -8.844549718118435155e-01 -1.208699266077554180e+00
-4.315647622626004876e-01 2.855891609513483975e-01 8.683110899249653070e-01
-2.548359484711935075e-01 2.982790738911411665e-01 -1.848811173864667312e-02
-9.178825665453632654e-01 8.011947740920403183e-01 9.153108939575282932e-02
8.468925791268508974e-01 -1.036048949482299530e+00 -3.515448445887474627e-01
5.587415269800417861e-02 3.210811661731771682e-01 7.362158074282659781e-02
6.011945192940029159e-01 1.682979099196678374e-02 3.239546813174374318e-01
-5.237587478325905765e-01 4.632940328474993708e-01 -6.638794359116068078e-01
-9.891212788156011904e-02 -3.633311416589150022e-01 1.799608018104212892e-01
-3.599138247747134534e-01 4.908928835789483358e-02 -8.001390575369868863e-01
1.151254673445816779e-01 -8.174802116878973623e-03 2.315482886834011600e-01
-1.869421762410674592e-01 -2.083947765997894441e-01 2.540829517643997115e-01
-2.228826173462826077e+00 1.719829187496776601e+00 6.967590462871379176e-01
5.399720832399177439e-01 -1.627227313185998780e-01 -3.330348984570743465e-01
1.441203290713652052e+00 -1.759206654298348660e+00 -2.124979916126866764e-01
2.671456551578459404e-01 -1.108706448678915102e+00 -9.726136667126557001e-01
9.098248006118819786e-02 1.272339476045079909e+00 7.582916622087079173e-01
-3.114901081991579557e-01 1.114569745170405080e-01 1.505821027206354773e-02
2.417073709722224462e-01 3.534767248259879091e-02 -8.318498386462809258e-01
-5.155327724989888782e-02 -1.381750893351083032e-01 2.982703522610753444e-01
-4.906152010849906819e-02 1.559512955660970479e-01 5.086063684975247745e-02
-3.692992915117493044e-03 -9.927091190392962616e-01 -1.168707161652431381e+00
1.046832227024666051e-01 6.305003611567299160e-01 1.072280480583026385e+00
-2.787115820481426698e-01 2.320456759619987652e-01 3.017865663005835086e-02
1.257305714897957838e+00 3.416533404319050060e+00 3.110839861180139110e-01
-1.288403256469719205e+00 -9.055491842289624671e-01 4.816242685377207233e-01
-1.656714557155571088e-02 -1.923756900062545183e+00 -8.416473531169170741e-01
2.287789824432100438e+00 -1.558226396898778399e+00 -4.194139060409958764e-01
-2.043930843659934382e+00 1.256276585508506294e+00 3.065033927697212723e-01
1.928419866561674467e-01 1.657873066127565631e-01 -1.255351144059265178e-01
-8.676190866378286071e-01 -6.058436715750712409e-01 -1.138076874251009674e+00
5.075212292029854799e-01 5.565687956286655691e-01 1.591192480355168026e-01
7.821297743331287466e-02 6.400476221263667886e-02 7.748675515287768434e-01
-6.716220582939558259e-01 1.466519643994947719e+00 6.339391044141706733e-01
1.051007957568546258e+00 -1.635526951623213376e+00 2.133845996367185194e-01
-3.440344512040952041e-01 2.777226084858182009e-01 -8.493077220772764502e-01
2.253009830461820129e-01 5.770928436869215972e-01 -7.574131529414794839e-01
-7.290473938380948038e-02 3.048004027763481227e-01 1.030900322888711695e+00
3.599209261483226063e-01 -4.897952508147744854e-01 -3.383905691167838348e-01
-4.227734379787876362e-01 -1.809057684975450275e-01 7.011670633164543975e-01
8.048060026346927076e-01 -4.496589310453159571e-01 -4.463285301032290375e-01
-1.038829611839793138e-01 5.477616606941552169e-01 -3.407426377593025801e-01
-1.136213402779248649e-01 -8.615201310579735372e-01 -1.543892478758101650e+00
-1.917435471055438101e-01 7.646017692807252075e-01 8.955248037141485540e-01
8.010481096136208290e-01 -1.336550959841372732e-01 5.914399773906654501e-01
-1.670261124001885644e+00 -2.727771170594530670e-01 -3.449117800226134456e+00
3.248245926016051222e-01 3.991978667849318541e-01 -3.861196771477476419e-02
1.210468938796828819e+00 4.191661540415450582e-02 3.252937934520363950e+00
1.363357413875200930e+00 -2.352453981431768426e+00 1.003615712471076948e+00
-7.873708657902076524e-01 1.196364247223708155e+00 -1.198974965263785109e+00
-4.356682619824880920e-01 8.850726524644061399e-01 4.444027915607459134e-01
1.489739428562368850e-01 1.469390143065078869e+00 -8.313965415792440306e-01
-1.248102914247081752e-01 -5.120867916564184608e-01 1.407808801641363239e+00
9.964767620769166001e-02 -7.311746823821723140e-01 -5.857959009494335678e-01
6.477034202162323950e-01 -1.342678266355023631e+00 4.705314292212758875e-01
-2.797111705610559884e-01 9.052448158944268464e-01 -3.717693481709021253e-01
-5.632386756303828790e-01 2.530683210790623527e-01 8.779831539876612467e-01
2.808356023528961187e-01 -1.703085958467434602e-01 9.689211788241607060e-03
-9.995895440229962681e-02 -1.207271462256518824e+00 -8.303642514335509706e-01
-7.840347180111784109e-02 1.141822096777789008e+00 9.803030758099315900e-01
3.260082071549696536e+00 -9.542507969286301295e-01 -3.874355555087840575e-01
-1.023836297983435006e+00 -3.180633765675644486e-01 1.138682251104156107e-01
-2.076749508399450495e+00 1.203298402149020507e+00 3.298899616560073134e-01
6.565580155124419726e-01 2.164886536041781828e-01 -4.329979779353534397e-01
-1.968318858518255943e-01 -2.318226973380076994e-01 2.161913150968055031e-01
-4.655622850756623299e-01 -9.118132986488405867e-02 2.467041399472777452e-02
-3.347623562217484916e-01 -5.419076539203599996e-01 3.648737975459203642e-01
-3.472708721399665466e-01 -7.445938061484860260e-01 2.516174794109522495e-01
5.442409883343943822e-01 1.016269448883834414e+00 -8.508880682038403309e-01
5.204442807741724297e-02 1.456856610176385569e+00 5.390258894672725898e-01
-6.280938828004383190e-01 -1.411634013928365405e+00 -1.594496053544251501e-01
4.358314251914117143e-01 6.868162230614377473e-02 -2.560595872320978739e-01
-1.405620713227500485e+00 -3.219287986687875414e-01 8.329012610555923679e-01
1.242975024334133996e-02 9.378108024403988274e-01 1.608793927054473216e-01
7.405903333107816122e-01 1.821568196492256986e-01 -4.419206989576538458e-01
-3.777075901984678907e-01 -1.984653175975679695e-01 2.533176281570539978e-01
-1.225526452543801159e-01 -1.952020426910879569e-01 7.047012003637870454e-04
8.044606604260284843e-02 2.643871568569898800e-01 -4.243482440286509005e-01
-8.595389683094114552e-01 1.439208380215271088e+00 -3.046185057147535735e-01
4.678865902413460454e-01 5.385159783600756978e-01 4.987339105266560546e-01
4.112251262471382507e-01 -2.005930921689271784e+00 -2.427620650913344669e-01
-8.560564016941281107e-01 1.464929653299305579e-01 -2.247709860438964480e-01
1.489989799117291125e-01 -2.056424644397647494e-02 -7.876193570261438848e-02
6.412543966066805989e-01 -1.412431762184072903e-01 3.371399357993253298e-01
1.724082542773503479e-01 9.553549688767624115e-01 -2.215242673621686809e-01
4.608142515624416569e-02 -6.763627795746731675e-01 2.800359698128802588e-01
-1.396725412012547185e-01 -5.580642163293301206e-01 2.796340177012486272e-01
4.614668459916434484e-01 7.141680843484329300e-01 9.373019022998695104e-02
7.661141144713407014e-02 -4.342057809849358962e-01 3.620555460669901970e-01
-4.993095713565900429e-01 -2.467886158540069652e-01 -7.652301271480738132e-02
3.374366683539701484e+00 -2.062385774336449318e-01 8.131520801504471541e-02
-1.038300943983194724e+00 -1.470478435005559970e-01 -8.672128806472580997e-01
-2.429026960702756810e+00 1.849470041434533307e-01 9.527915231365220450e-01
1.097553987684313004e+00 -2.174322557717879023e-01 -1.140120507430081448e-01
3.805403227249869458e-01 4.326144924797425406e-01 -2.169670866255725694e-01
-1.711639178355818025e+00 1.232461023656153953e-01 1.571200218620166233e-01
1.083230632469005250e-01 4.270650401042113131e-01 -9.504356160223684791e-01
1.634227399854443763e-01 -1.575679300301663366e-01 8.036379661297995414e-01
-1.346430961790426872e-01 -6.529176832553301724e-02 4.927199071930846719e-01
-8.319751475949796471e-02 2.822592078925760251e-01 -5.595980176048716004e-01
3.085486647759350110e-02 2.572870111905855572e-01 1.703020740554899159e-01
4.854402277214212580e-01 -3.603092075756228474e-02 3.742438530491137838e-01
-1.264666897503461951e-01 -6.272753386881175786e-01 7.318154352839815191e-01
6.831902298896740389e-01 3.370768203808021113e-01 -1.731629968693505772e-01
-3.918958337082439347e-01 2.527415649173077039e-01 -2.862949343575275640e-01
-2.592705934150739910e+00 7.491483721260736584e-01 2.265353744549664650e-01
1.796213050858326055e+00 -4.708120970041226316e-01 -3.143641578956468119e-01
4.665661029823092720e-01 -2.234288521297777552e-01 -1.911369913994466208e-01
-8.698699298999711116e-03 -8.608988639897399153e-01 1.164423659490439356e+00
-4.587747787681539235e-01 -1.782167661650410351e-01 -2.282035539321506934e-01
-3.153857524926706457e-02 7.944667604574275899e-01 -7.076870148988199105e-01
8.687176668716429795e-01 1.745294854000754459e+00 -1.319980623732263769e+00
-1.304870108102253567e+00 2.941284222883863153e-01 6.977387330435986801e-01
4.668398983938321090e-01 -2.013457843587167950e+00 5.074998050894021784e-01
-9.416778795469775698e-01 -1.240000221408671610e+00 3.641829990147840146e-01
1.160873520085599964e+00 8.196171537344919544e-01 -4.787025790498283251e-01
-2.554474574950871268e-01 3.981308330821071717e-01 1.123438246851061750e-01
1.050650739793780541e+00 2.890099359224980735e-01 8.732448141210795711e-01
-3.907588819544062786e-01 -2.359920587606955944e-01 -2.354170229378179102e-01
-3.523234357260468519e-01 4.728323472155702145e-01 -1.247190384476078440e-01
5.355472478372318157e-02 2.449576901928838257e-01 3.784476256386903881e-01
-1.981134908381645687e-01 -8.029694698524052210e-02 -5.590484049535524580e-01
-4.173157998348335507e-02 -1.444733101515212059e-01 5.347165071690102023e-02
3.003321033576524801e-01 1.030906445935854787e+00 -1.764403825890532573e+00
2.121767747015001482e-01 4.478346474482153283e-01 -4.826960480622811689e-01
-6.861207666909983072e-01 -1.291974994028259882e+00 2.507604169496812307e+00
-3.118803988781759795e-01 -9.126123000590485868e-02 9.694509823021406625e-01
-4.260904780736051722e-01 -5.048665630779265445e-01 3.315045620966525219e-01
9.667990660960812388e-01 9.165486357034672293e-01 -1.511809905342157201e+00
-3.973609489190776944e-01 1.291226147075113850e+00 -9.120948270778326261e-01
6.917290536386015987e-01 -3.626816537848025490e-01 6.145018471203174126e-01
5.485227486734202407e-02 -2.520620697610012964e-02 4.219800371594473187e-01
1.170846373185382649e+00 -2.243887007033546155e+00 2.110260012534035390e+00
-6.539848352565007517e-01 2.286298053852873213e-01 -1.378337684733827784e+00
-3.304336672637567807e-01 1.731093237953607256e+00 -5.600193016268416590e-01
7.016145664109785240e-01 -5.672888266378319777e-01 -1.076257430113994218e+00
5.901016915486989589e-01 -3.057638040806103241e-01 6.307028568883321640e-01
-1.293765332004937152e+00 8.026510980562491238e-01 3.207924292387369092e-01
9.335750017157775638e-01 7.783200293847972739e-01 3.545795703955596512e-01
-4.967156629554252412e-01 1.691866253763367467e-02 -6.699799017862262396e-01
-4.786981597461461568e-01 1.358989561899774379e-01 8.347865716172435668e-01
-1.217437747252462010e+00 3.381450606064715370e-01 6.335548450281214272e-01
1.099910401145913541e+00 -3.802523187229235324e-01 -2.661011482303962117e-01
-2.120446563522745409e-01 6.027579022932290087e-01 -3.021603516204454665e-02
-8.270636944339755381e-01 -1.448066821206854815e+00 -1.959788886499639782e+00
9.578669814979738906e-01 1.398809907018508936e+00 1.340549235165337416e+00
-8.912058200527234186e-02 1.022049471933860199e-01 5.234667445792696716e-01
-1.106118686836864151e-01 4.438825575373747667e-02 2.633403381910734975e-01
-8.371637523254432667e-01 -5.574720749195544167e-03 -6.454435424394031617e-01
1.076955647927100745e+00 1.424255869578380969e-02 1.548985971968322994e-01
5.094026428877789225e-01 -2.557755321420711603e-01 -1.062156465583346421e+00
-1.430563946985496382e-01 3.718808086097292742e-01 4.637559546193838478e-01
-7.365859974850244019e-01 -4.957195981910009763e-01 5.457923880258501725e-01
1.849762325984456890e+00 -1.471745141256735501e+00 2.228972297445578898e-01
-9.582359984773052286e-01 1.223110491511468112e+00 2.925994711266348691e-01
-1.229000813684999471e+00 -1.185579455677122085e-01 -1.016287550946198603e+00
3.107062591094668091e-01 1.539360591486345298e+00 5.292989114556316821e-01
2.300247573287381719e-01 -7.506722135654922967e-01 -6.783364484727308907e-01
-5.503806528901529216e-01 -1.308229120860893602e+00 -3.300160772897156036e-01
-1.265192088045786312e+00 9.782827916531139367e-01 -1.847020141338271415e-01
-2.052191629187314348e-01 -2.668723937218467346e-02 6.189523515956896205e-02
1.066374682111287164e+00 -9.852866163318976245e-01 1.164013916710785954e-02
7.743228144457012796e-01 7.424439722259777996e-01 7.817612311014607851e-01
-1.122294545555621026e+00 -5.651616897574879284e-01 -1.411715620152626804e-01
6.910300238234701187e-02 3.736712383032836371e-01 2.912570821088278361e-01
-2.154935511745760257e-01 5.642570218665698967e-01 7.823202239534481350e-01
-2.071737699522833709e-01 -4.986144565174486232e-01 -3.343731583889418824e-01
7.330936708953400549e-02 8.217470548290936594e-02 -3.480740700050758418e-01
-4.499538711258188606e-02 8.691627613754342452e-01 5.160963995645955205e-01
4.983939608407290667e-01 -7.271807382268189457e-01 -3.626805177585761264e-01
-2.872578653003059479e-01 -2.342811102750455010e-01 -1.814675154044148031e-01
-2.229049957483295735e-02 -5.077939302439301583e-01 -1.532871697219329032e-01
-2.701034217826336903e-01 3.956933142801630776e-01 -1.684951703134960344e-01
2.276117230650436252e-01 1.338635042653812945e-01 1.790709779976062954e-02
-2.115452209077055556e-01 -8.890356289480940699e-01 1.253334894171281855e+00
-1.403752305697566483e-01 -4.626501701691414503e-01 -7.630153740101290882e-01
-3.057955859040950020e-01 1.369073800493737503e+00 -6.088934644989941747e-01
2.287082774080386738e-01 1.221227055703114850e+00 1.931906970881989150e-01
7.426219457680780511e-01 -5.935557323092541804e-01 -6.195082360185363846e-02
-1.255618846826125345e+00 1.354775481591739272e-01 -2.679666775356481789e-01
1.381638765633840915e+00 -1.287158457962404245e+00 -1.388457161734636180e+00
-4.842913501081445027e-01 8.558045767542332705e-01 -1.073399612840905681e-01
-6.456753821568993468e-01 3.562661320860712189e-01 1.002367267901540959e+00
2.142285619887765447e-01 1.325108176676468519e+00 -4.967196559403428413e-01
6.772060043151263697e-03 -1.939880799604579709e-01 -2.407208815974616334e-01
8.625091809185045366e-02 -6.807568511250265963e-01 1.094920910982299933e+00
-3.703344402979036332e-01 -1.713232552989988111e+00 2.622813310355899930e+00
9.261681496437828010e-01 1.586186004664573490e+00 -2.177508122885146058e+00
-3.630365086823608145e-01 2.183284914758959472e-01 -6.662529798880576504e-01
-1.141025984618661226e+00 -7.283769205260276491e-02 1.997264459893677291e+00
-7.348826934030973090e-01 3.191014208867595792e-02 7.449270080674680328e-01
1.433741548435046420e+00 -2.951056452724601376e-01 -1.952449954185119241e+00
3.323209585359381268e-01 -1.630097540098364994e-01 -1.097650894734991667e+00
-3.091655374182391558e-01 -1.342744491149649999e-01 1.472563355341374725e-01
4.586697017419162914e-01 1.128990957100253628e-01 1.580104398508090702e+00
-2.273957594999174603e+00 -9.858321572422752421e-01 2.768824006377982316e-01
-4.394818597630523738e-01 1.562147670080021644e+00 -1.565681053282556023e-01
2.441298126406461932e+00 -7.344941623978209488e-01 4.281232590349903777e-01
-4.406044535057467848e-01 1.209181089870413839e+00 4.092562994843533808e-01
-2.750985507258643104e-01 -1.067477030736540211e+00 -1.074670367915877833e-01
2.232385860026410151e-01 -2.190078795833694247e-01 -4.027325519625389871e-01
9.456504914927978955e-01 -2.500649967497010628e-01 -1.438263256098962550e+00
5.374367726838409354e-01 -6.169098186782244753e-01 -2.777534615346846092e-01
-1.247357284673364930e+00 7.164256610074719589e-01 1.138795360893825048e+00
-7.952748122903021688e-01 1.533342209796973443e-01 -1.237037044060210200e-01
2.244958150989233570e-01 3.138228196533938696e-01 -2.493754011706590390e-01
5.598284864345908218e-01 -6.457806177609031195e-01 -6.846546509920363732e-01
9.082539486923466021e-02 1.096169800930964389e+00 -1.435423702184081662e+00
-7.702795531518000782e-01 -3.154290727630829072e-02 1.194715909695407863e+00
3.361701320164086071e-01 -4.553239405749017754e-01 1.004883250145631873e-01
2.462961796936277148e-01 9.635786026749859623e-01 -1.566351760181953434e+00
-2.832462418150962224e-01 -8.540070474337733142e-01 1.530710743671139795e+00
-4.617747011888054254e-02 3.776885331929960565e-02 3.088334948667004198e-01
-4.305438764617133263e-01 1.471686452963298031e+00 2.000136602761175553e+00
1.056441444605581204e+00 -7.981719520272103630e-01 -1.072336109520060532e+00
-7.603412788106961306e-01 -9.103762109857382878e-01 -4.028116192364528114e-01
4.890250904767960982e-01 1.025321089385111684e+00 -4.899826518544175835e-01
-1.665587677390451549e-01 -5.725011071521430850e-01 7.843577744359961912e-01
-9.970141992699961264e-01 -7.663152387480858252e-01 -7.397432023183494465e-01
1.503032620997055424e-01 -6.492286652382020518e-02 -4.663082910879412513e-01
-7.898839005493105137e-02 6.006824775737917843e-01 4.356379228620168576e-01
2.161859919019968324e-01 -4.408749645617849322e-01 -1.436795349618656681e-01
-5.510034583777536632e-01 -1.231590323398097375e-01 -3.071320135278823305e-01
-2.452277680024058659e-01 1.851498702805037255e-01 -3.434093210675174257e-01
8.406440239867244424e-01 -1.018884947550933173e-01 3.851385818330744781e-01
6.077294008628724153e-01 -9.897206889267997632e-01 1.924400585655765550e+00
-3.230061534944945745e-01 5.490466679750476420e-01 -5.915383930285431635e-01
3.971466620815636631e-03 1.476533280042789109e-01 -7.454906350069465670e-01
9.673550063622925466e-01 -1.114231201231991264e+00 -4.349493063445477592e-01
-1.142412146642919624e-01 -3.114395628797184123e-02 3.354357643405598832e-01
-5.958363390099005175e-01 7.044335617344289480e-01 5.496999162844113940e-01
7.878587566119801266e-01 8.460443455865520601e-01 4.596448335681155850e-01
-2.237246943307658609e-01 -8.214266401981229482e-01 -5.199876174950964769e-01
-3.810853446071104100e-01 -8.155298443090466809e-02 6.896726344707853132e-03
1.391994441380950853e+00 8.848467503754375851e-01 -1.812442977548159639e+00
-6.017463607541175818e-01 -7.265621979277800957e-01 1.356704029445620741e+00
-3.936214084187508178e-01 -7.525444083952301244e-02 5.211723845442701730e-01
-7.846847934022158633e-01 -1.202195652791354097e-01 -1.412792864639725643e+00
5.776471300174057522e-01 -9.641565042604527402e-01 -2.753405889392647188e-01
1.776439062411252351e-02 8.095485391603776115e-01 1.594307832672873460e+00
-2.597904185439778857e-01 -6.040155997478420247e-01 -2.465608800337195650e-01
-1.888395942497667068e-01 7.955230660228123085e-01 -2.074884267424971229e-01
2.064322699146174112e-01 3.921136135585411298e-01 1.891046889679556253e-01
-1.070910402707446529e+00 1.015618294963556600e+00 -4.778142540469052513e-01
4.834791124407527008e-01 -3.149606581972583808e-01 2.836924263632585319e-01
-7.625107841894657179e-02 -8.921561466907992344e-01 9.852625161299655154e-02
1.618407399508324351e+00 -2.678199530480866120e+00 -4.271412618394411498e-02
-1.790163847665263486e+00 7.470560152910969975e-01 -1.644977706534194173e-01
4.354837217171684260e-01 1.673144402319318491e+00 4.697276918671115520e-01
2.303764949127257378e+00 -1.533447209009917600e+00 -1.340553739541878508e+00
-1.035270068333962401e+00 1.903126035747623623e+00 1.472310504919038809e+00
-1.903327540634675685e+00 -2.404831439185065589e-01 -7.466675549637269427e-01
-1.070354917997326183e+00 -2.703146349293675810e-01 -9.105217388929562894e-01
3.869338940210342859e-01 -5.677991696100308516e-01 -7.335873713960769371e-02
1.492024697763093544e-01 8.239787779797551615e-01 9.539005756853411455e-01
1.600363377304351076e+00 2.843453660474861699e-01 -4.004969684134418451e-01
-7.719281123832424374e-01 1.296033030106965023e-01 -1.033944374235882258e-01
-3.606125023102333405e-01 -3.973320013584891730e-01 -5.653455268005966317e-02
4.014412451859792341e-01 -1.230884198491387083e-01 -6.340249814485816593e-01
-3.006324811283449527e-01 4.533470699875350451e-01 1.368661633937250932e-01
-4.479313006642026140e-01 -5.959790699498551669e-02 7.032870859859271517e-01
4.962368231401729779e-01 1.323467697967152690e+00 -7.840469566197233453e-01
-7.475502063042236411e-01 -5.077022409899616395e-01 8.810055546781754288e-01
3.252241594563851645e-01 -1.971788533585511205e-01 -8.078759036729910026e-02
5.137702004204998119e-01 6.377119076553484645e-01 -3.804699204369137444e-01
-7.199275098663410200e-01 -6.236175906566721050e-02 4.805401573028307283e-01
3.242515736334326548e-01 -4.901798648786649393e-01 3.788731074502643126e-01
-3.002815395755803252e+00 -1.866592291585022489e-01 1.994224097457066414e+00
2.733345343901481872e+00 -9.791370511411284783e-02 -2.028842737508162131e+00
-7.667626657409182256e-02 -1.413257455743708313e-01 5.983176030034935700e-01
3.996757610842618380e-01 2.937456197721508566e-01 2.489189538639366428e-02
-2.596388167678340686e-01 -5.935903838964642354e-01 5.388442212960196098e-01
1.291375814515702825e-01 -5.208892468660337727e-01 -7.850790926710220496e-01
2.431748707338042603e+00 -5.874901731016040490e-02 -7.741604691141887873e-01
-2.779826690842952974e+00 7.004751517057186683e-02 5.843629182312055637e-01
3.718553633875056330e-01 2.992014951148831425e-01 5.394477798024563953e-01
3.559681378953536424e-01 -1.240351498693581966e+00 -1.784703127677268686e+00
6.187128119245560720e-02 2.533498196441836825e-01 8.460286460672707953e-01
-1.623451362817342203e-02 3.533428781274873254e-01 8.653393897490770925e-01
-2.196309714562608706e-01 5.675751596839860857e-01 3.250355743663619901e-01
6.663991784062857082e-01 5.170219462392040138e-02 3.967917714377697247e-03
-1.687578454173842279e-01 -6.443198083062966486e-01 -2.728810156877707893e-01
-1.442314192493205249e+00 1.008940155647331194e+00 -1.075130241935587261e+00
1.042032417271026468e+00 9.105538911114935408e-02 7.279897869732159243e-01
3.081961126537929307e-01 -8.692733945253191541e-01 9.099137816898086317e-01
3.670278083172433536e-01 1.447537890812848893e+00 -3.988616709197139176e-01
-3.559277102448819008e-01 -3.532745918055421042e-01 7.287450380908888636e-01
1.454452020438482540e-01 -1.173036095620700214e+00 -3.709661699380755184e-01
-4.079068022593472786e-01 1.200036890582430349e+00 -7.015724393880788945e-01
-3.522873268671330993e-03 8.714391877848516321e-01 -3.317685615034239310e-01
1.327008396470505391e-01 -2.041808332560004935e+00 1.011612106527651989e+00
8.283325563612724540e-01 -3.486326648895603508e-01 -7.340683600416255672e-01
-2.527759137777547682e-01 5.365116483266478831e-01 7.309885515938523426e-01
-4.657959091225432058e-01 -4.996395586305381054e-01 -1.930901101118454033e-01
1.232372541165084101e+00 -6.890915330575818620e-01 7.044953918761569511e-01
-4.179410624965018695e-01 3.196292697572712393e-01 -5.312882129598140921e-03
-6.681962212626744169e-01 3.899893973788928769e-01 -5.207633520087600054e-01
2.262994471232241622e+00 -2.327724450124721400e+00 -7.025462165100471168e-01
-2.786096155308575018e+00 6.649715612410205257e-01 6.568341566155002642e-01
1.062234883134383301e+00 1.342887095222109473e+00 -2.519045057168106672e-01
1.190149287407856304e+00 -2.656160225013532106e+00 1.015516175461223192e+00
-1.113357478840943493e+00 1.736710581647150198e+00 -1.045769542877011071e+00
1.455439355308428273e-01 1.181805129255085296e+00 7.192264293473160652e-01
-1.000698964843468319e-01 3.708015526526815542e-01 -1.868796930194290551e-01
1.346843388888428750e-01 -2.198378658184047818e-01 5.112693258689819942e-01
-7.728361559923585533e-02 -1.527291797868845780e-01 -2.491250646072011854e-01
-1.564516739778739618e-01 -7.863889401489405906e-02 -1.201088215734412157e-01
5.996183550536195173e-02 4.243932865158830392e-01 2.650012446658067677e-01
5.854222408879844464e-01 2.610337854618217934e-02 -2.175739708484346058e-01
-3.652934487170402811e-01 -1.360308028634832578e+00 -6.271258386905571580e-01
-6.225708904618048045e-01 6.731004551553627646e-01 2.751322552033124147e-01
6.618232390700389267e-01 9.213051984009639206e-01 1.971529877348536242e-01
4.102320525977465326e-01 7.892125972248860144e-01 -4.740115820007725356e-01
2.398979400221611102e-02 -6.436547471580487123e-01 -1.020125816571623156e-01
-8.509508493678302754e-02 1.804227748283426802e-03 3.005174570400519496e-01
-6.204281463494359938e-02 1.052968721234483374e+00 2.966692850098845424e-01
4.946567673761576023e-02 -6.186020548925315055e-01 -3.759251392771074674e-01
1.631429496968774817e-01 -1.307091352162544240e+00 -2.178008240053419531e-01
-2.047346558212091994e-01 2.814933210278599773e+00 2.123852286806752865e+00
-7.892377682400525396e-02 2.522405508052860679e-02 1.336946282443959300e-01
1.877502674775945457e-01 -2.449680955924726344e+00 -1.801585309156425119e+00
-8.479071843046391832e-01 -3.278560158091010646e-01 1.143625577580564379e+00
5.487445490795752612e-01 8.192053915211168214e-01 -6.615736019652269650e-01
1.518289879976677526e-01 -2.032323858711085340e-01 -7.377391878102825817e-01
-1.557980326195142595e+00 1.242812007440351252e+00 -2.845620695734492944e+00
1.517619517769788651e+00 -1.490329824167776929e+00 1.818702871200281512e+00
-1.386468821443512800e-01 -1.273054464593097179e-01 8.291290972193485764e-01
-9.654694522963068737e-01 3.539050837963245710e-01 1.781019661378124841e-02
1.695467887375228244e-01 5.024911024776199664e-01 -6.546459602944013079e-02
1.561886538331544449e-01 -6.410456309553832499e-01 1.192777563429125998e-01
7.252751608322300925e-01 1.790154462142089231e-01 2.161465837281612012e-01
-8.866850308803027325e-02 -8.451364998849990595e-01 -2.658831111767084865e-01
-3.644846292367969198e-01 3.052186527995611742e-01 2.212687725983272236e-01
-7.043272953810628678e-01 9.301107382056079675e-01 5.782372437893008588e-01
-3.518440749294447500e-01 -1.403391827383892454e-01 -5.035485758348162699e-01
6.413094131370002948e-01 -4.979797303597839897e-01 -2.926174407329762417e-01
8.261204684796882303e-01 1.878330375302864619e-01 -9.510701684007811796e-01
-2.717457660980193701e-01 -1.671563934478756397e-01 8.069453722919229799e-01
-4.843694946876386798e-01 -3.508212463743042298e-01 1.927900728918623963e-01
-1.635970682985433022e+00 -1.147116321719015009e+00 -2.001579042031689237e+00
1.276054937814517842e+00 -4.739631590646004033e-02 1.334340838010612096e+00
8.031043562064370533e-01 9.977391214275246334e-01 -1.700472653661496691e-01
-2.120005073472483126e+00 -9.143092869456190819e-01 2.751335006267692229e-01
7.747828820111197778e-01 -8.563029081605550985e-01 1.331440189578010358e-01
1.407653938811768812e+00 2.093561967920253508e+00 -1.828429543053908812e-01
-1.406327372544816434e+00 -2.084970501411312682e+00 3.044964415326699481e+00
2.083858240939551631e+00 1.629662575182562856e+00 -2.683260498705793307e+00
-5.713061331166100487e-01 3.637722859698320210e-01 -5.459623061041105618e-01
6.050179264587360883e-01 -6.880368912047375440e-01 1.788593536380545856e+00
5.195952677354660487e-01 2.407620736204769685e-01 -1.061094035557503368e+00
-1.289878459822880963e+00 4.322025229053563788e-01 -7.164293666564414131e-01
-9.853589416038808224e-01 -2.301319704159382473e-01 -3.577416824489260128e-01
2.783989935073352129e-01 -4.125461964146418525e-01 1.576854667584491609e-02
1.157302222122343238e+00 -1.590260850844636975e-01 6.683371724329889921e-03
-1.395097450512984838e-01 -8.727576106169144809e-01 5.484897495271214840e-01
1.701633926153849341e-01 7.559656617010048762e-01 3.422987041513780859e-01
-8.508580544488522635e-02 1.375363774050796795e-01 -3.616201411416066769e-01
8.731933660633820482e-01 -6.558145580074767889e-01 6.815816658943584239e-01
-1.034670270089652178e+00 8.343436855395582885e-01 -5.751989588935066400e-02
-3.930405389202865085e-02 1.747246563904578803e-02 -5.179175235573710845e-01
8.461389329377522195e-01 1.126680416984636945e+00 -2.020706500088467056e-02
3.104977763283456316e-01 -1.877941598894503628e-01 6.527300346240522133e-02
-7.643529933812791555e-01 -4.325271628611146446e-01 -1.957967985981101389e-01
1.251758221809327942e+00 8.461264298571751219e-01 -1.488734170644116617e+00
-2.480539473839499243e-01 3.046476207973440875e-01 6.079841287612422485e-03
-7.608881720174340835e-01 -6.337398881278362150e-01 1.297295994928315599e+00
-1.313815854381541470e+00 -5.792964515385607971e-01 5.640576655160156605e-02
1.724428809586054101e-01 9.344730637397749007e-01 4.633006859544162026e-01
1.233234765895856455e+00 -8.406661131727952707e-01 -6.735870956568819068e-01
3.200613767387309183e-01 5.943540471761971089e-02 -1.603130486557804435e-01
-2.435539267273868491e-01 -1.683357541616921083e-01 -1.091302409830977593e-01
-2.416679000679172740e-01 -2.114526246471105930e-02 3.189215208364597487e-01
-4.954845649679398556e-02 8.585434862532455025e-01 -1.737042619504156837e+00
7.438720413425408129e-01 2.394821897415824186e-01 1.668708794664624406e+00
-3.980162036834931083e-01 -5.233559254190518484e-01 7.682509709990417157e-01
4.564864962030901196e-03 -8.744625426218448627e-01 4.804354612338667119e-01
-1.523633895262744176e+00 -9.654806227789580753e-02 -1.265303825649393143e-01
-7.167700642565362212e-01 -1.569044419733144069e-01 -5.238347524398461186e-01
2.665635977139886315e-01 -2.733136276446765933e+00 3.441376172663636046e-01
3.275442630642464437e-01 9.882088675394165023e-01 4.019836908092357108e-02
-8.238976375601270163e-01 1.544517068462349485e+00 -6.337754375695419107e-01
3.208694985227966701e+00 -8.522467004688646375e-01 -2.613097508810970027e+00
-7.596012907678170167e-01 2.758816011877404661e-01 3.631815761043135637e-01
-2.482569844614198828e+00 6.785046463706665421e-01 2.210435190563065255e+00
1.203791300530215658e+00 8.818156749475019041e-01 -1.494589473595862028e+00
-5.117457874232761439e-01 4.240239930784096001e-01 1.803294502811204625e+00
-5.448197550384690224e-01 -1.473651019328062084e+00 1.248107841637327575e-03
2.000560543318878892e-01 1.181668355184485542e+00 -3.369239894034455896e-01
-1.948049690496599373e-01 -3.186967407622134374e-01 -1.174196263283303343e-01
7.633349394747034056e-02 -7.281175717890705501e-01 5.283322691802302407e-01
-7.394113159986179240e-02 1.631563981356180526e-01 2.922207334907413190e-02
9.784340106546773885e-02 -5.582680471589005489e-01 2.764201212833599097e-01
-8.954345959032575242e-02 2.062990769883642495e-01 -7.214085795996800776e-01
-5.295043310020486338e-01 -4.655765654653722940e-01 -5.882293326681860279e-02
1.327069432697949025e-01 6.194767275802190998e-01 9.085349166801560961e-02
6.176108562792186341e-01 -1.150192275821007581e-01 -4.070744123438181650e-02
-2.262910123109206140e+00 -4.517703625345970142e-01 -1.027189683395665631e-01
2.883678259666029753e+00 -1.437458280725331938e-01 1.638335521553964391e-01
-2.881363529158134096e-01 -5.055860335655369686e-02 -1.818394972683925470e-01
6.760172104429014173e-01 -4.641230629463669599e-01 4.594889170084295316e-01
-1.463344718092911556e+00 1.191614496248075472e+00 -1.361087039577184132e+00
7.981411945117971030e-01 -3.983603592228701640e-01 9.453633263218401694e-01
-5.112447828011358331e-01 -2.937010701937072810e-01 -5.533721571908988279e-01
-9.956530636288421499e-02 -5.013105002944148736e-02 4.992172471931400901e-01
5.408328268217048596e-01 3.269888883930934242e-01 1.336171366780785630e-01
5.561439385014430581e-01 3.126999188847002564e+00 -5.703554828003261079e-01
-1.331297584520232391e+00 -3.905691668187575516e+00 8.433280189885485889e-01
7.057877438603288311e-01 8.644491482523772863e-01 -3.534034825201935459e-01
-2.541653490286248651e-01 -5.192360029758744666e-01 -1.289200657581980103e+00
-5.462939767648018474e-01 9.562157904154705568e-02 3.464373011965424937e-02
8.441212216081418473e-01 5.165727673884095150e-01 1.688476172673479381e+00
-3.130667898370597113e-01 2.100586976363087999e-01 -2.099303882622769180e-01
7.302604046068525978e-01 4.736362114534424239e-01 -1.370678446830791986e-02
-1.250735059629175527e-01 -5.277868908541758497e-01 4.244794497939877731e-01
1.375936176166224101e+00 5.567593107707212718e-01 -5.770417415724817811e-01
5.221417019658708414e-01 4.114518466198373581e-01 5.244754744329963025e-02
-1.302626668033424640e+00 -5.490376615214735967e-01 5.467393283057240261e-01
-1.290978535453156439e+00 -2.164997320226696331e+00 1.464422200363237003e+00
6.191164685791379352e-01 1.683205412937417211e+00 -1.926191649936513484e+00
4.807785983623265036e-01 4.180806145417783615e-01 1.728257363346648867e-01
-6.849650613586244496e-02 5.806560957948507795e-01 7.124887065473844983e-02
2.955096513916792844e-01 5.552416240029128119e-02 1.313969267238697669e-01
-2.887726706911910024e-01 -5.709284419808082767e-01 -4.246330146956961982e-01
-5.159621147123067963e-01 5.752457144985883009e-01 3.017928752403418180e-01
4.261564718853772527e-01 -2.254998432505377071e-02 -5.320269784653043343e-01
3.614697395377366451e-01 -6.425767650627397520e-01 -2.349020854946192172e-01
-6.151513473124496922e-01 7.808910429189889202e-01 -6.511789507555507672e-01
-1.149483873520623298e-02 1.400522738367079023e-01 -2.942468088856804442e-01
7.271224340240527440e-01 -9.452047510645256168e-01 7.736775747636766010e-01
4.484827412094560817e-01 -9.771391984657689100e-01 4.566732417982327652e-01
-1.131083596220058274e-01 1.986622450185447364e-01 -1.560244476212226949e-01
-8.733314038915693245e-02 9.205080105855956152e-01 -3.030519647781738657e-01
-6.870232102741891111e-01 -4.031831544148285484e-01 3.844634089412788391e-01
3.644866050687896042e-01 2.559185778618870977e-01 -5.557548081878603830e-01
1.461641418517949792e-02 1.190050358830225807e-01 1.408666443045252237e-01
-6.628670416397666187e-01 1.618674930697282743e+00 4.865478735464494608e-01
6.650476510527845164e-01 -3.719644393742626010e-01 -9.617390843108393206e-01
1.044758655824191140e-01 -8.288931895274398443e-01 3.021639676356536741e-01
5.084965508534939893e-01 -3.955595030559352909e-03 7.602383873941778170e-01
-3.385063279224702626e-01 6.392577295095169809e-01 -8.395053345544739587e-02
4.617041015215543887e-01 -6.857492741212207754e-01 -2.544284967542602416e-02
9.189230540208336295e-01 6.298149823038330375e-01 4.629874878020417417e-01
1.074463647766666641e-01 -4.967174457388178199e-01 1.544175982134830538e-01
-8.049618023353319884e-01 5.443349949004872013e-01 -9.429919616923654324e-01
2.125087495538632965e+00 2.061940535072117608e-01 1.723331151174277931e+00
-5.436119773217624740e-01 -7.614782508090827129e-01 -5.979902145404549785e-01
-1.689974053971899259e+00 4.179120137185036721e-01 -5.698991820291574584e-01
-1.267312021015576162e+00 -3.142612738690369056e-01 -2.787872825931638765e-01
1.544480126379037976e+00 6.474517822049934423e-01 2.518681383742734647e-01
-5.885299097687979319e-01 3.009249925556641836e-01 1.737697315450941193e-01
6.885038026006631839e-02 1.816140053971342372e-01 -2.582294517229953845e-01
-2.757449441727775064e-01 5.074047244951544744e-02 -2.121420315730691286e-01
2.474142680777501740e-02 1.163855961503285630e-01 3.409768391812249555e-01
8.518550619065150542e-01 -5.703626242220407594e-01 -1.171656674729154801e+00
-1.756326020229068141e-01 2.338092342886163300e-01 6.547064715621887521e-01
-6.752799539949368990e-01 1.482436079130175777e-01 3.145076738305196962e-01
6.967584186868530649e-02 -2.074662251039254834e-01 -3.019102216999651200e-01
-2.249152878359712560e-01 -5.717631266915898514e-02 -7.263601234823305886e-01
2.190298506188561589e-01 -5.127004832527043421e-01 6.027972324196055887e-01
6.372884537570921992e-01 8.362580942507175097e-01 1.988980086877428777e-01
-1.816564750186146493e-01 -5.313973558129969632e-01 1.061509735808054654e-03
-4.047598048620619782e-01 -2.664438632941983354e-01 -1.113144917924537847e-01
-1.708626740609868522e+00 -5.440878655677301445e-01 1.437204485563776224e+00
1.122927371412390629e+00 -5.081451886271368124e-02 -5.974041626022457141e-01
4.768100384876705622e-01 4.643609863875518273e-02 -1.021112710526479450e+00
1.259727401101946143e+00 2.490540991378146884e+00 9.179575200113196942e-01
2.191575267061805221e-01 -1.667785796952595545e-01 1.776899383894360307e-01
-2.511591789524605822e+00 -2.005217818467128321e+00 -1.255116262999685706e+00
7.385659683945795528e-01 -4.639908609571090636e-01 -7.760822369021853628e-01
-4.414015648795041047e-01 -4.432489389563709636e-02 1.584805739774327593e-01
5.767123570539114952e-02 -1.998364782543795570e-01 5.531283266231148410e-01
1.301283041775321836e+00 -1.300530822595741043e+00 4.671230494347304862e-01
-8.226897753725697093e-01 5.405860500919392742e-01 -2.093273192319899945e-01
-2.395527003348139061e-01 1.353561439973812730e-01 -4.872858144176839268e-01
-7.965862977675830514e-01 1.635522360928463481e+00 3.624331468976422777e-01
1.243724946368310047e-01 -1.479126515868767200e-01 1.105685337741689200e-01
7.718677108850591218e-01 -1.598747551149796831e+00 -2.133319496384053771e-01
-1.775232630206756701e-01 6.942683104522784365e-03 3.540020729703272639e-01
1.001994829210653304e+00 2.610868233300273067e-01 4.049514750144792563e-01
-7.838645791798082296e-01 -5.819441409412605681e-01 -6.577406723985725900e-01
-1.364466015700144474e+00 1.297101923728918749e+00 -2.415169996466235425e-01
5.270910491040717849e-01 -1.308634413748938963e+00 1.614684425799232659e-01
4.476788681755718979e-01 3.684375577752410091e-01 6.209761505231572998e-02
-1.964104956356743870e+00 1.617745166767895260e+00 -1.213654735150195840e+00
2.247270845823812757e-01 6.419533565210225889e-01 6.316074789348697927e-01
1.744175613089634425e+00 -1.785163626331792930e+00 3.081129400397106810e-01
-7.017459825672065499e-01 3.016305073061225084e-01 8.778306411978837875e-01
-6.814712236847382254e-01 -6.337736181417503722e-01 -2.362941339945945352e-02
1.493466115727396737e+00 3.981129170229061875e-01 -3.117747496589013956e-01
-3.682458665864665193e-01 -7.433839576286758177e-01 2.251513738096517780e+00
-2.918040278533406973e-01 2.297994702249431809e-01 -1.185691525539231517e+00
7.780183255389296892e-01 7.172004693912457096e-01 -8.090929128296930894e-01
1.076066279050870378e+00 1.661628526340126255e+00 -6.326386508277646037e-01
-1.177220643872946226e+00 -1.707249976104006972e+00 4.107613170164460259e-01
-3.675069880579135972e-01 -4.375050747232327453e-01 3.510527039012205641e-01
-1.415345818636961628e+00 -1.496766922599586547e+00 7.352470196689158133e-01
3.137614810395202292e-01 -9.643733260791607087e-01 4.380583001298241075e-01
1.551756992780584987e+00 1.705257603105791553e+00 -5.619777887696553176e-01
1.325079951329970473e+00 1.081603590877824317e+00 8.935043582462445788e-02
1.110675348266370599e-01 1.947837558962357551e-01 -6.461386865660284640e-02
-1.230601711394988307e+00 -9.003044014244805382e-01 -4.439334839066652605e-02
-1.231439941605383948e-01 7.598071580265255420e-01 9.312816576936389090e-01
9.035532188547578114e-01 -3.425890753331159444e-02 -4.911112103429470244e-01
-9.697145910546720593e-01 -4.778524373628035837e-01 1.754670739604314855e-01
2.730136595295058477e+00 9.390348898531422073e-01 -6.557490459638354308e-02
-2.029668513756498704e+00 1.628110000087348019e-01 -7.664178475307790173e-01
-7.084882587134175846e-01 -1.282764871606872248e+00 6.439088583314498404e-01
1.233838695672077712e+00 -9.650084004042120966e-01 1.966686698770783170e-01
-5.585764942048698778e-01 1.014471093780756394e+00 9.653462214474782810e-01
-5.689062228032910618e-01 3.676319531677587626e-01 -6.788346421331472591e-01
1.600388553420183158e+00 6.482211254884149287e-01 1.606168796393647735e+00
-1.801524839495078911e+00 -5.490221826602788013e-01 -1.262994318308401365e+00
1.694793526607710210e-02 -2.906323127232249837e-01 -7.320771138800198641e-02
2.253922508488256593e+00 2.015905230948616289e+00 -6.402599436239394537e-01
-1.425330171661527423e+00 -1.990223108928771967e-01 8.896234405482023044e-01
-7.942504586849086223e-01 -1.379314238410453974e+00 -6.677945380263118624e-02
-1.821372481688033895e-01 -2.859430347099380099e-03 5.126595783922793803e-01
1.487311833829981778e-01 -8.220432290755974591e-01 -1.630668623253713978e+00
-2.222601020318840659e-01 7.304429703692917331e-01 1.064784235390027645e+00
-5.708055919667933686e-01 1.214267574785731774e-01 2.280504914629239543e+00
-6.179500055073389175e-01 -1.748241485030419262e-01 -6.721387130450318104e-01
1.352695740663628854e+00 2.134893675038906230e-02 -1.506851082029790678e+00
2.085610745786338427e+00 -9.882962734020050988e-02 -3.706666561768862111e-02
-3.185863760930183197e-01 1.143777853618567208e-01 2.539165908283356199e-01
-1.758363778236448072e+00 -2.022521274020460114e-01 -6.906734103289190463e-01
5.641710091251626036e-01 1.230115484852629448e+00 1.229969818932162839e-01
6.677499657831509686e-04 -1.560972618967349790e-01 1.773796905785390843e-01
-9.890851881292359593e-01 -4.844261907338698325e-01 -1.096758168846528186e-02
-1.984094974348172391e+00 9.686099956637266306e-01 -1.034826985806291288e+00
1.946511035131326395e+00 -1.579970248606394900e+00 7.944538109338816767e-01
-5.822917658543730335e-02 5.324622125467360911e-01 4.275146642824330101e-01
3.306596092774332085e-01 1.113758784970428684e+00 1.814152472297005048e+00
2.301961456353822655e-01 -3.403044160710090305e-01 -8.206660081797996220e-01
-1.590690603041510776e-01 -3.160514636208521244e-01 -7.508834845564285043e-01
7.752024008140696587e-01 5.012165829430704767e-01 9.422742781284904057e-02
-3.334893515360753957e-01 3.917202734778084672e-01 -2.667948347074504123e-01
-2.974658598365796935e-01 -5.550582919504506441e-01 1.128135614229130307e-02
6.949028570433313234e-01 2.890800851294661467e-01 2.115468972004242720e-01
-4.884633524865753529e-01 -3.249428232864703947e-01 1.158445441328631587e-01
-2.764426460665101448e-01 -9.820554650364403393e-03 -2.615571296050613892e-01
-2.215506774586568639e-01 -9.741857219852301242e-01 -2.843024707187933320e-01
7.356779968595255070e-01 3.207116839151220589e-01 6.959675720954832112e-01
-5.456648199265523580e-01 9.282106496157229714e-01 -4.036467596754039766e-01
-9.198326766817013778e-02 1.344637043303203106e+00 4.819953892283642127e-01
2.007519007004565648e-01 -7.656677668326178354e-01 -6.009923267749551767e-01
2.083590486467528646e-01 -9.810327449893591067e-02 -1.940760320991032351e-01
-1.578125598603258517e+00 3.549846426636495966e-01 -7.722308428197877106e-01
3.778098651775658734e-01 -1.197196823973549068e-01 -3.160059193055770321e-01
8.157196077046222626e-01 1.548194460875006451e-01 8.868886446282223668e-01
2.716412588724640420e-01 -6.196287320425621914e-01 2.827759441459625211e-01
2.145558426169037469e-01 2.193826987648328508e-01 3.978614508692366325e-01
-7.012039232819127221e-01 4.848284423357732131e-01 -5.982659762866053832e-01
1.281237716635494350e-02 2.659354945407716997e-01 -1.378039349882576925e+00
1.654324271266688351e-01 1.195180576690205165e-01 3.623313601027274844e-01
-1.912429594532274457e-01 -2.078875936395442603e-01 1.186520793930036843e+00
3.102682540407648126e+00 1.465876880293270901e+00 -2.054142301040086771e+00
-2.950436020709616969e+00 1.143919024956226715e-01 1.548878038974138782e+00
2.574695707022643942e-01 -1.614222196853121183e+00 5.205551193623114692e-01
-1.135913374043941104e+00 -1.416688456148360142e+00 1.367844424051879226e+00
9.001896544505912923e-01 1.134476229023241078e+00 -1.524446003705704600e+00
1.849825019750377941e-01 2.461842156855659214e-01 1.248781574602618183e-01
1.427307099309723881e+00 -1.191182347862371316e+00 -3.867016226589632399e-01
3.302193120691062633e-01 -3.952810593543103490e-01 3.210366092836291485e-01
-1.671096307488911581e+00 1.466732378477273446e+00 -1.380791095823014070e-01
-1.461223349419603856e+00 -3.013134548437939042e-01 5.610784164736664081e-01
1.177963952979977025e+00 1.190850141444145111e-01 -2.412405925950417140e-01
4.423252089066194159e-01 1.517711650862523243e-01 -9.606966134421673909e-02
2.783841905790142290e-02 8.614671122794614888e-01 1.861272038054556655e-02
3.932595716216460424e-01 -1.201921319051650894e+00 3.733504346823604547e-02
-1.928098620598403534e-02 4.942816492705568443e-01 8.625403326355859934e-02
-8.604819135368186878e-01 4.764604657451533276e-01 1.285465278331884065e+00
4.587711569641128584e-02 1.185171101546602657e-01 -2.477934152881263730e-01
6.630740643293147052e-01 -4.101571777755240733e-01 -1.054690717835995439e+00
-2.851106362570904551e+00 2.542750076047082808e-01 -3.995382420924318279e-01
7.312982800383247550e-01 -7.426871796940486270e-01 7.820075791557710154e-01
1.620215213218315853e+00 -1.748942761783182087e-01 -9.653916972225848880e-01
-2.244780739476651688e-01 -4.063434127708881460e-01 5.849608100916867670e-01
-9.480314090376669167e-01 -1.393016535029054648e-01 1.101851763803977924e-01
1.002852198975685338e+00 5.017789121581633927e-02 -7.188054526136802291e-01
-9.918704187375033676e-01 -1.477939191463390367e+00 1.261952547593644391e+00
4.841521059470941246e-01 1.267614864491326820e-01 3.249656686574622921e-02
1.559448725728653784e-01 8.016825967101293138e-01 -1.069903477785803636e+00
-2.081041911076928486e+00 -1.331791558879193538e+00 1.873909034773538984e+00
1.099259836998057516e+00 1.325185535759541011e-01 6.066004209596029262e-02
1.401081181099543604e+00 1.199709257250495265e+00 -1.422437250666511499e+00
-1.177096737877289634e+00 -1.022702930936846721e+00 -2.271529683043286063e+00
3.568095576313234929e-01 4.106606883513467393e-02 2.097429755807926899e-01
5.360851681805667290e-01 9.532228956602786241e-01 1.966697776054111557e+00
-2.157892326535382210e-01 9.753885190283142492e-01 9.249705785375181843e-01
4.879417493874078637e-01 -1.241610182606848412e+00 -9.387880762673117552e-01
-1.327684173651789701e-01 -1.403570817340377141e-01 -1.030218346412361541e-01
1.348453358962958593e+00 9.803558363136137821e-01 1.295324855090647320e+00
8.999578653264532768e-01 -8.823960786483602270e-01 -1.046698221202841950e-01
-1.987544845580409891e+00 1.170573108886787672e-01 -7.595897369504425178e-01
1.681989536432285659e-01 -7.966438531560568470e-02 2.690263391706918528e-01
4.061182776785606241e-01 2.844624653159205652e-01 7.817970492421022488e-02
-1.866284255573824047e-01 1.753524963737582709e-01 -1.306495829070925541e-01
1.057638757195617618e+00 -2.521595234007094621e-01 3.268153153401076594e-01
-5.060407190455604165e-02 6.872322211978085793e-01 -7.548849126156933487e-01
-5.157761201005168772e-01 -5.164044914169161338e-01 4.069525215955394071e-01
4.332600779359231380e-01 1.726657243245271811e+00 -9.767360313607692524e-01
-1.426080419851123438e+00 -1.570743589505984694e+00 -3.860121566348346800e-01
5.735000894213631017e-01 -1.730145893300107929e-01 1.346503093555925901e+00
-6.318652585287714007e-01 3.986290604946975957e-01 4.129830419913750605e-02
3.726250812538334234e-01 4.001347231983921893e-02 -2.265831646777692887e-01
-4.210538963192844708e-02 3.993926613467105313e-01 -2.935490147709075015e-01
-2.298664739738167651e-01 2.118869828602937488e+00 -2.005236618000156401e+00
8.149380394966438956e-01 -1.015959779297123333e+00 -2.426972816743192540e-01
-6.379752314791566903e-01 -1.468256627078774024e+00 1.058527461998634678e+00
-2.431943919506914797e-01 4.535901737068630535e-01 1.447040668314206080e+00
-3.073188294690321065e-02 8.032982960898609193e-01 -1.185663274438345738e+00
-2.975985389487163513e-01 -8.899984168488614955e-01 -7.452204174116219271e-01
-7.956111095993299021e-01 -1.217348591656767454e+00 -9.935614727604209495e-01
1.140092351302707030e+00 8.345298987799620871e-01 6.217818338100473685e-01
-5.091501713675106178e-01 3.666113779042317056e-01 3.510361846149631093e-01
-3.818263235182379756e-01 1.036489181593750253e+00 5.425929565469841953e-02
3.491215360028170345e-01 -1.897438448922519560e+00 -8.369529352222367935e-01
-1.909418027623668301e-01 2.475054999717023474e-01 1.415111967480991773e+00
-3.267667336369166620e+00 -1.285683155505583875e+00 -1.469983695883824160e-01
-3.502854780770541243e-01 1.055719683173249601e-01 -3.332675057013921860e-01
4.613859486711651137e-01 -2.976388252051164196e-01 4.331119335140150017e-01
1.669244925333489782e+00 -6.250056244220454360e-01 -2.004846746372413335e+00
-1.550725225104392369e+00 5.527101834723900931e-01 4.012460452837500746e-01
1.446548646340022892e-01 1.779583136600326743e-02 1.543576439821540802e+00
-1.295045687525094635e+00 -1.499082569434134204e-01 -4.013020053107340113e-01
1.158661754366133501e+00 -1.449954236131218988e-01 -1.775307521070041972e-01
-1.076756199216757359e-01 -3.779999398050706283e-01 1.811308873545828813e-01
-1.570241484626519579e+00 -1.835559241992547497e+00 2.450583499163268897e+00
-2.071562735855394521e-01 9.334013211458969117e-01 -2.543965999945063672e+00
2.056003796589667143e+00 1.099430439214388322e+00 3.264231733565473026e-02
-9.098220226999109705e-01 -1.290485904173936382e-01 7.692964541071742879e-01
1.074773164827337535e+00 1.133681126116833360e-01 -7.559740182347458592e-01
-8.452477598352947652e-02 7.913716287057942500e-02 3.373892515890604404e-02
1.863478896427952503e-01 1.626741175331336997e+00 -6.149619908887831166e-01
-4.793277794781747314e-01 -9.523797290867683785e-01 6.053707322223926823e-01
3.895067209787148599e-01 -7.646884160579454637e-01 -9.111715439664908045e-02
2.395968102491230489e+00 -1.259883948342881699e-01 -8.262954737268035643e-01
1.281905716660513006e-01 3.381040457378936548e-01 7.881092719010010517e-02
-1.707044223771744029e+00 -3.822048823825966446e-01 8.877823179820385491e-01
-1.639017327021129677e+00 -6.571115814601915517e-01 6.813743146515980342e-01
1.827276116453267818e+00 -4.029843145179801134e-01 -1.164898707140244127e+00
-4.988803210649755959e-01 9.394019502334887139e-01 5.568241966916582797e-01
-1.441285372827576516e+00 5.367248607529695459e-01 -2.155169206508798396e+00
5.663903209254318449e-01 1.111448901431678626e+00 3.033531151509631929e-01
7.483614927349584445e-01 -9.095797982964863859e-01 1.677323482818383837e+00
1.233474930135612713e+00 -8.100559179892352635e-01 7.506813709900637122e-01
-1.277866327455187356e+00 1.416496640787648253e+00 -1.008202749608452020e+00
9.069099911361791500e-02 2.341894871339725848e-01 7.706384700384863451e-02
-9.840209154800116931e-02 -4.865670458544804067e-01 -9.700363525323263403e-01
-3.551523682850140640e-01 3.780272025855622164e-01 3.868261583772401035e-01
4.393710708118242492e-01 5.214575512041494942e-01 -3.332808917475024169e-01
2.125125957211492889e+00 -3.172393436881653095e-01 5.809516570484900555e-01
-1.022981108492463154e+00 -1.423360169313597767e-01 -8.567680130801378358e-01
-1.456899576120248341e+00 4.537892986854232813e-01 5.137169200398201685e-01
-4.366549651337879312e-01 -9.475480143206264083e-01 -5.124991854663593638e-02
1.092016961429660871e+00 1.140484192646745720e+00 7.671021963868607241e-01
-7.824952983981263710e-01 -4.422237446218584278e-01 -6.644423989907186634e-01
4.403995953429122867e-01 1.775274859817143280e+00 4.699674344942599280e-01
-7.355419244998934181e-02 -5.696157546049060993e-01 -2.768304173594254292e-01
-3.269631906694732693e-01 -1.169065476272208359e+00 -3.892273342834808858e-01
-7.199356992454311044e-01 -1.193531051932774645e+00 1.413397777666826283e+00
-6.550909011285849237e-02 3.164627890667663923e-01 -6.911462905926994971e-01
9.724349514498022984e-01 8.501036260083636442e-01 -9.603907586735163093e-01
8.463415308627670885e-01 -3.766237743267730753e-03 6.271675880929932223e-01
-5.875390105380344785e-01 -3.295446846012104469e-01 -3.054315164626935503e-02
1.058470944143125869e-01 -8.605620547415482324e-02 -3.601855656866256306e-01
8.059098311693957406e-01 4.988573731981399417e-01 1.057491439514927634e-01
-9.117400792923815445e-01 -2.616662278864302360e-01 -1.897345833320344677e-01
5.217713768633572835e-01 -2.949091685783093442e-01 -9.725893450374750726e-03
8.030767390880256817e-01 -1.593490734555325083e-01 9.303393945879165350e-02
-3.624858684634881811e-01 3.587723661813083803e-02 2.570793201758587165e-01
-6.086343165934831045e-01 5.693682702526888656e-02 -3.494003876793609353e-01
-2.426507690646467097e+00 -8.128928577570178060e-01 -7.684047923269199387e-01
-1.938223365615755062e-02 -6.225628155184134149e-01 1.498693591936096192e+00
1.683322941638842885e+00 -1.596392327148171697e-01 -8.263314524971926422e-02
1.652225525478082380e-01 -1.405512054846972614e+00 -6.741421107166517546e-02
-5.058934673450778963e-01 1.640923632119583253e+00 1.613896868195937584e-01
3.759091072036377934e-01 7.822663092743038782e-02 1.343407218873307052e-01
-1.324411457997340058e+00 -1.078161327827016791e+00 -3.234170372461400156e-01
1.299337985683589825e+00 1.297322974989737698e+00 4.789123967763750933e-01
-1.947729982457818698e-01 -4.260439704891365587e-01 -6.403540953090569587e-02
2.327085402545825410e-01 -1.771043245450591996e-01 -2.199686528932913276e+00
1.233676031607019219e+00 -1.663449997642365563e-01 1.527719375294126714e+00
-1.474594706022831936e+00 2.643763270355417028e-01 8.560831957279591009e-01
3.054158260946420178e-01 -3.224842318026326371e-01 2.302109938620018892e-01
1.079948466239265548e-01 -2.058270857544465260e-01 -2.036110066724593493e-01
2.747894438609453927e-01 6.727165882171890487e-01 2.546308031260186011e-01
3.542683587368938847e-01 -1.723032711294718355e+00 1.276475988653272386e+00
-1.102256880655691496e-01 6.237113532296718610e-01 -1.013417875392176981e+00
-1.931659867419814047e-01 7.439699882343594473e-01 -1.539679895533106052e-02
-2.253664943681965849e-01 6.800815138037171748e-01 7.461216354798363426e-01
3.089095196439774482e-01 -2.597845785280890607e-01 2.659121641590163065e-01
2.322236357067558599e-01 -3.148188092107774838e-01 -1.401010715094691272e-01
-1.375125786247563209e+00 -2.628106011655259255e+00 -1.233049420809014585e+00
6.482345981636203902e-01 1.778758905126792467e+00 -9.563138971791056153e-03
3.334477690713369413e-01 3.720368403049469364e-01 8.207597755658864180e-01
-2.911684695307049431e+00 1.869414184636006837e+00 4.174265415324265316e-01
9.181611958653604355e-02 -1.245706870363595176e+00 6.031548793140339981e-01
2.807869891531140638e+00 -5.135869298431376961e-01 -1.322191091447646460e+00
-7.211018570985141540e-01 -5.962854558907939584e-01 5.410653857491003471e-01
7.140163841349379537e-01 5.077127885432285437e-01 -1.706627664455825810e+00
3.267380797135429615e-01 4.323885746946103392e-01 1.027987459510878221e+00
1.098788938638817214e+00 -1.366533565495744451e+00 -8.652314166571291043e-01
-1.481639191326519001e+00 -7.130943782848084833e-01 1.098642757812346549e+00
3.128115072029939991e-01 2.256951541185910237e+00 -4.729780719964875590e-01
-2.233782055544020650e+00 -1.527367082814089227e-01 1.141290044447452079e+00
4.616965556322868980e-01 -6.549590082453270179e-02 -1.525211250199484558e+00
1.578686288282320938e+00 3.650178869085218825e-01 -5.226833096593147543e-02
-1.364450570624368808e+00 1.761012844833299007e-01 7.544529910593869015e-01
1.215308105989520993e-01 6.708204544219991128e-01 -1.146571708629523290e+00
7.462002487835874831e-01 -7.764015905341448143e-01 7.946262162621375857e-02
1.539288837488035355e+00 1.144652884377978408e+00 8.984964289199049992e-01
2.615606483636762625e-01 -1.579827231674971744e-01 -4.017403062820470439e-01
-2.011560500677683549e+00 -9.130955595833383232e-01 -2.641268766163116233e-01
1.345954465595519789e+00 1.047718184333461089e+00 -1.222908068892445688e-01
-4.117877378280433431e-01 -3.358654994951736361e-01 -2.905740036962499717e-01
-6.901343587871129337e-01 -6.038717471053818286e-01 3.405240434261014304e-01
-4.105616807790425371e-01 7.388128779419772529e-02 -4.396738573566549846e-02
2.307308548724511521e-01 -8.351200719649076731e-02 -6.870102153517962940e-01
1.084576749851030864e-01 1.130529993619015239e-01 6.662279919279794349e-01
-9.467721080665514322e-01 -1.373710249678645523e+00 1.287084556084760675e-02
1.937852830239587820e-02 9.305639214363123912e-01 2.919349011279653849e-01
2.932001190846563743e-01 2.492624312787828922e-01 -3.051505019519865081e-01
-6.030370608672610544e-01 3.372267732126388307e-01 3.165294184051929971e-01
1.685666812058009278e-01 -8.042699390310961149e-01 -3.448970073539442405e-02
4.998076583175083965e-01 2.967775906960472554e-01 -1.916823294281985168e-01
-7.268980345267320731e-01 -4.947570050431985278e-01 -1.849188925127246863e+00
4.274544768930974570e-01 1.174991946147792454e+00 1.482950701729842891e+00
-3.025499274512646886e-01 -5.624093272146876155e-01 3.978966026168948011e-02
-8.765012939398619807e-01 1.694147003286242126e-01 -4.838727852696603771e-01
4.918630272051120744e-02 7.094869219167980745e-01 1.181457755243864316e-01
8.131506231117193728e-01 -9.808737939126830341e-01 8.444164787220928559e-02
8.488613326662065584e-01 -9.369558754083699981e-01 -1.287752180942428604e+00
-5.771307092263946448e-01 7.245738296197461459e-01 7.172075247689275734e-01
3.613085510702507275e-01 2.060796393862525666e-01 6.758572192087501929e-01
-3.112649059712616073e-02 1.352303497129483389e+00 2.471873392154190774e-01
1.393675439428432028e-01 -1.294816042867852346e-01 -1.460208444977045827e-01
7.093104780565632345e-03 -1.122013609928965039e+00 7.872040238189248473e-02
-7.652614964875747994e-01 1.311965494214976768e+00 -1.463409647719936757e+00
5.674001079540693659e-01 -1.340380277304417111e-01 5.986112501935250130e-01
4.624705901291372157e-01 -1.213105808856215884e+00 7.725391890200732359e-01
-3.717756608885983693e-01 -1.547047687902207924e+00 1.469961989801099600e-01
1.348108214939400584e+00 1.494544016753287519e+00 6.486627003271594472e-02
-4.126695269273583655e-01 -2.086374750524285782e-01 -1.025360629269606583e-01
1.567458339591499161e+00 1.712973707836216164e-01 -1.088911923620917488e+00
-1.057241787759341634e+00 4.971750866567961058e-01 -5.902564242631205271e-01
-4.687285101071383409e-01 -2.245831402560888312e-01 1.743297706627183752e+00
1.477721559089561376e+00 3.996032911351548034e-01 -6.196133546083453236e-01
-1.541186093126148071e+00 -4.357924995534965262e-01 3.243861840828570209e-01
-6.359046167522497406e-02 -5.000155709556419747e-02 2.694731920045384532e-01
-8.101040554641604219e-01 1.355280155216491256e+00 7.354646032148551837e-01
3.312312307340922191e-01 1.379492705031802879e-01 2.960732031023765032e-01
5.286949495245165664e-01 -1.111071867409024527e+00 -6.818420584113740190e-01
8.810354534968762863e-01 3.641065970124652829e-01 6.325643157242561987e-01
-7.624846003485379331e-01 -5.052371042802793477e-01 -1.948201964426070631e-01
5.799712174509130680e-02 2.361696059062398101e-01 9.773681821441249085e-02
2.220684639135574179e-02 -2.521462146652803799e-02 6.875929142497266833e-02
-3.462955589858568439e-01 -7.599783819749665881e-01 -1.107690166796104769e+00
3.315145058248991639e-01 7.159507915716822879e-01 1.151188775053109126e+00
-9.628487218970995798e-01 -3.138072510912783386e+00 -1.039160732180481439e+00
2.377286467935658121e-01 2.175208658735717115e+00 1.055345963427813061e+00
3.241670110558003692e-01 -6.421867002527437140e-02 2.903515089508024172e-01
2.324371449441506865e-01 -2.537029614529767940e+00 4.583245659243475600e-01
1.753981751372697961e-01 1.937355419774452914e+00 -8.491429266470059689e-01
-9.058622560914472710e-02 -2.174169175383029728e-02 8.433571949542409407e-02
1.133946420787579901e-01 4.384422863961987549e-01 -2.980041323018932431e+00
-9.543084676451096815e-03 3.459124150667000075e-01 2.185137600563018090e+00
-3.555604479332266088e-01 -6.368354094766925932e-01 5.629308518662765604e-01
-9.831865586310134519e-01 4.584860527758740645e-01 9.785540453386749604e-01
5.238911294113426376e-01 -2.081701865895878578e-01 -8.626371740970415480e-01
4.629811705133254351e-01 -3.952370586564554755e-01 -1.406488172201068032e-01
-1.055224918610840668e+00 -1.837852349084330594e+00 2.550382164564328757e-01
1.038475554437787718e-01 1.400745193025656032e+00 -1.714831383714097990e-02
7.975134242545143248e-01 3.447929485676487493e-01 -1.451232474442010756e-01
7.531233318031709256e-01 9.044870307551344801e-01 5.300717409187236662e-01
1.280304268971824921e+00 -8.586431697103627525e-02 2.883860097721299143e-01
-2.146886695108547016e+00 -6.058445672314103359e-01 -7.527845837088702474e-01
4.638134557366254684e-01 2.338200451154391901e-01 1.168040774775469970e+00
-1.571798682638411160e-01 -3.464736743274349218e-01 -1.260586663053943290e+00
3.605287082229156198e-03 2.039768191364226269e-01 -4.024300746876808416e-03
1.093022434618801775e+00 1.320160058417684912e+00 -1.951004374637832051e+00
-6.039762505293302386e-01 -1.353757285933660182e+00 6.457008462925212244e-01
-6.986032620467182985e-01 9.386708218905052969e-02 1.129622413030247907e+00
-1.648793637259778899e-01 -9.055211319952964910e-01 -1.455150143564689635e+00
-1.802034200027134436e-01 6.570839131371837283e-01 6.227306661379825581e-01
5.631000370856380499e-01 4.280054323457260779e-01 4.741436096768456565e-01
1.783520961121943582e+00 -2.639098535483261343e-01 1.086919530572767023e+00
-5.120614308049478147e-01 6.360542346144040238e-01 1.062955410969051440e-01
-6.930930523944816013e-01 -9.794904050513520977e-01 -7.418921931767374911e-01
-5.570940682764766727e-01 1.344365460174606064e-01 5.258688769239596716e-01
-1.666091230500075238e-01 1.652047186980378779e-01 -6.858043408402750285e-03
5.863908986999262218e-01 -3.902396597570773062e-01 -5.161109879437753012e-01
1.418538060158975878e+00 1.336946076719472298e+00 -7.596045077336421869e-01
-1.528870054690258051e+00 -8.948085046401152987e-01 1.074611146521565086e+00
3.341042795768334184e-01 -4.396183639479229743e-01 -4.240535120811814163e-01
-1.271676676393468153e+00 -1.400465651937556677e+00 5.369768721872660855e-01
3.266203333610274706e-01 9.285884893636171533e-01 3.382391534700895930e-02
2.351059381218246203e-01 3.380920582730717050e-01 -3.145261269148010297e-01
5.510119444394816490e-01 -3.116090980906757180e-01 -5.203428771378818540e-01
-5.251915279011389742e-03 -8.857211081438765010e-02 -1.116010763446887988e-01
-7.039792525474730667e-01 4.272412844637899498e-01 7.838179015664219484e-01
-7.673970490725856575e-02 -4.158213814712917733e-01 -2.162497331800096734e-01
1.800680218990247661e-01 7.913529042593467899e-01 1.170873187431260565e-01
-1.761426004977704740e-01 -6.312866894724433742e-01 4.804203900469157240e-01
4.418545016110171642e-02 5.155707729017953989e-02 9.605877839834329190e-01
2.347848933716296660e-01 -8.137062344982759488e-01 -2.346850243755419507e-01
-5.099004616321805017e-01 4.469967510024226431e-01 -6.828757929787785397e-01
1.431359702710731874e+00 -1.051790996778679599e+00 -2.447345787983122634e+00
-1.035776878997586969e+00 1.027260722238387824e+00 1.188403735664628869e+00
-4.848982097617124953e-01 -3.499430311129508309e-01 6.112665565873116602e-01
-3.656932010180250492e-01 -1.031395754658940511e+00 -2.851994736520342855e+00
7.930660216067182411e-01 -3.896420784854544017e-01 2.667167370387478753e-01
-8.059005889188808336e-01 1.198796958483378861e+00 2.345104720350360328e+00
-5.483943950542731205e-01 -8.670961040799454178e-01 -7.165344475739650054e-01
-9.924827840213814589e-01 2.163490527249354867e-01 5.656214746194683229e-01
1.876979795814569751e+00 1.133818127477812521e-01 -5.241047387912751709e-01
1.842376684805775433e-01 5.638786223189815594e-01 2.143809880776708532e+00
-8.121446783444280504e-02 3.527587630542697861e-01 -1.080387761767117816e+00
5.636595037000639852e-02 -7.836628847686410992e-01 -7.775289283179942501e-01
7.249314517794935853e-01 7.391269739392327676e-01 -4.448153478152213403e+00
8.217272350970792338e-01 8.841172550144685283e-02 4.180662349321477844e-01
-1.814029090917442799e+00 -1.036164436495587760e+00 4.067333798261183020e+00
2.544521169295101970e-01 1.128217296201372566e+00 -7.161544390448190689e-02
2.858856870586544419e-02 -2.552536229524604572e-01 2.956201747161510962e-01
-3.586357841285348069e-01 -7.522393789757175764e-01 3.525737897115366337e-01
-1.298054370324494000e-01 -8.122378063207675858e-01 2.139895775360948882e+00
-3.121480691182872969e-01 9.073252539404932371e-01 -4.656035596067651383e-01
5.203139182207441316e-01 -1.218036186103519825e+00 -9.587913558034586448e-01
-1.179895735481611974e+00 -8.927274737567895135e-01 -6.154018942560444128e-01
8.975232726929749383e-02 4.049191960193954110e-01 2.453304567434093642e-01
1.027822741708920073e+00 1.125767456036580461e-01 -1.401879589403247917e-01
1.868366127866964987e-01 -7.308765291409256015e-01 1.808325672772567394e+00
5.590849648841716979e-02 6.860028399717571501e-01 -9.566565042636694383e-01
-9.055910687987331897e-01 2.843220517044545703e-01 -1.233303771943190519e+00
4.065064352120790758e-01 1.049827585527717488e+00 8.279521214109317739e-01
3.983044449381032415e-01 -8.145892598952311214e-01 -4.721596249019613944e-01
-3.104013452289022812e-01 -2.864860788504759448e-01 -4.963944522119467795e-01
6.001267566825133626e-01 -9.401867579464060487e-01 -1.480099552580015354e+00
-4.067117712098289317e-01 8.608592867344391220e-01 1.026508999716783777e+00
1.625301190164751275e-01 1.301265327937848326e-01 2.119283609188464812e-01
