-2.488465522844762745e-03 5.098812625539039800e-02 1.124329968729398388e-02
-4.052222632510815714e-03 3.858069010216125250e-02 4.420538437054144509e-03
-3.182392626628338661e-03 4.684326719670235672e-02 3.513653097984903440e-03
-2.752976768424564291e-03 4.001103235342082232e-02 1.541839759370056129e-03
-6.666471923728378712e-03 2.750527833243482378e-02 -4.685568601843215220e-04
-3.721433049630462619e-05 2.812682451295245301e-02 4.666898380776274280e-03
-3.622443657932739036e-03 2.193411357864555322e-02 1.272800529629192212e-03
-1.059751662501939862e-03 4.233532053282287877e-02 2.456857312469501453e-03
-6.008463506151917599e-03 4.911113135145017683e-02 8.681922231816630031e-03
8.681568430544128745e-04 5.849611351051609009e-02 8.395986053296999874e-03
-4.290688213706039811e-03 6.274522173881387499e-02 6.699777237771015193e-03
-1.388042543719159028e-03 6.949271948194724047e-02 8.774495740180132675e-03
-2.636835626701583557e-03 3.149028983239916812e-02 4.321658203886302729e-03
1.479105393976443139e-03 4.120605702240537349e-02 2.944081259739661505e-03
-2.327015835253631870e-03 4.671519871078065600e-02 -1.877748949618895935e-03
6.300004211153176215e-03 3.369028313941591080e-02 -4.869066810741617957e-03
-2.770737883110996336e-03 4.349650956146433600e-02 -5.657690267639736703e-03
-2.572585168662322452e-03 4.433620345076498548e-02 3.160152601097698799e-03
-3.377929996378536970e-03 4.984591470431543048e-02 3.904888026651454069e-03
-6.905091355213555104e-03 5.766539102932821681e-02 5.001263100028352504e-03
-3.311695605256348429e-03 6.963304120241686768e-02 6.295852899745213449e-03
-2.990523869252192934e-03 5.938788884303813909e-02 5.354664396252539760e-03
-3.178539162145360697e-03 5.273672496816844690e-02 5.906330237571921771e-03
-1.985543140108347870e-03 3.406976995552213339e-02 6.752301411324879155e-03
-4.756804639653444688e-03 2.778098262093632587e-02 3.143559368881387872e-03
-4.411106618968929638e-04 3.250078150496849005e-02 4.401620481035983801e-03
9.444259264199672543e-04 3.702559799233196003e-02 4.429571446998181727e-03
-1.211848453749553300e-03 3.781591969163855538e-02 2.268526874445342401e-03
4.173765934774920083e-03 4.012946440843734308e-02 5.022609145214573800e-03
-1.843258465547448210e-03 4.372362028917120558e-02 8.797910522202911920e-03
-1.381635368836509059e-03 4.702732179244961674e-02 6.758091412729982927e-03
-1.652399293941453351e-03 5.425868173762804503e-02 8.641706683267358358e-03
-2.812052888032212650e-03 5.737420216473765322e-02 8.615793835815566126e-03
-4.267023461579810828e-03 5.312281729356982396e-02 7.367498839897734797e-03
-5.316578769058666332e-03 4.542566185108498633e-02 6.481783468257340530e-03
-3.107660555209390552e-03 3.312479239951901522e-02 4.585291308500938356e-03
-6.467982866069421632e-03 3.782865708990357234e-02 3.322606264010818933e-03
-1.350533416120791586e-03 4.830325270906254964e-02 5.486942371279557307e-03
-4.370929045845461935e-03 4.569360761488239220e-02 2.265550183378373106e-03
-3.964793156455925782e-03 5.930150021526969795e-02 5.589776921340217086e-03
-3.087515970662479958e-03 4.935814006930172582e-02 1.139934642554862876e-02
-3.810719276103657904e-03 7.332557715846710344e-02 7.143998797831008218e-03
-6.762253756892599998e-03 5.734374857751745047e-02 9.581766218004439395e-03
-4.966026801436651539e-03 6.093429937314520650e-02 8.021799259438799901e-03
-2.212117027580284834e-03 5.496196623297855410e-02 1.515761864915310397e-03
-4.421069573551539289e-03 5.612746886879160790e-02 3.866252799934855044e-03
-1.893639047530787378e-03 3.878032589834595756e-02 1.681176290206254365e-03
-4.930278161103252010e-03 4.786640610646419880e-02 6.178298842076546116e-03
-4.511449092970409858e-03 4.778510236389876820e-02 5.112891666204100183e-04
-4.319045072501803695e-03 4.874586164114416698e-02 2.531181402409599102e-03
-6.322369151763318484e-04 4.833277422806614432e-02 4.092682057081908908e-03
-4.507755654117318045e-03 4.403979156154491648e-02 8.703173036565203802e-03
-7.571762443962626321e-03 5.236190743840563044e-02 1.030038285463086289e-02
-1.237473817740630810e-02 3.797500134259565452e-02 1.098145560293595224e-02
-8.131897279578859106e-03 4.833384548539876313e-02 1.334305510047073540e-02
-7.475723052748906028e-03 4.831465874065316024e-02 5.025147350687486636e-03
3.655258925476800869e-03 6.828114798543083452e-02 1.739255286338448059e-03
-6.259630854660747090e-03 6.153722760004531889e-02 4.926364791886017613e-03
-2.405726460530777100e-03 6.045509004160370958e-02 2.240990288289612664e-03
-8.686016480339731061e-03 5.301687358496565139e-02 7.550313607453063014e-03
-9.834527578050256125e-03 4.374047367036837386e-02 4.805640069548644533e-03
-5.354575109140391476e-03 5.584605896955818771e-02 9.589060595804888010e-05
-6.956485256992106514e-03 5.121111659374599778e-02 6.346933000385579504e-03
-3.813786042698552592e-03 2.600490529945886919e-02 2.292103407263823556e-03
-6.286990242427625830e-03 2.104227002504713284e-02 1.665231984042336855e-03
-2.782811609584712187e-03 1.950091335049314312e-02 1.070452189875892302e-02
-9.306074959301025018e-04 2.616126988149061749e-02 8.703752170537093491e-03
-3.308500400618807902e-03 4.349037915791897912e-02 1.143719340208937396e-02
-1.794609885438003261e-03 4.970560362588691272e-02 8.026085448674447065e-03
-4.440978792203953418e-03 5.271685800365233376e-02 5.808116287312481418e-03
-3.551932159649662246e-03 4.963884923550865302e-02 3.091243167082646792e-03
-4.842942382833337334e-04 6.046061172311301135e-02 8.218504482732202909e-03
-3.497228324053798520e-02 4.871833649136070310e-03 1.312966862920617039e-02
-3.812875582062125179e-02 9.565878248849662979e-03 8.867271882853078324e-04
-2.921417317013152992e-02 7.270083900642571040e-03 4.067393998779866848e-03
-4.059957218654475231e-02 5.799054998556096852e-03 -9.899798421669547821e-03
-2.321561286461237827e-02 5.978745634026338962e-03 1.846675795446728330e-02
-4.257192408166232678e-02 -1.563823905623706878e-03 1.982710253278696655e-02
-9.399235181981824283e-03 1.351291696383594143e-02 -1.650506856876621242e-02
-5.582680154177310783e-02 7.114175381447485069e-03 -1.016830308278326989e-02
-1.992073692198403911e-02 2.266214659337528747e-02 3.607374275267138941e-03
-2.351973851038979824e-02 1.237734525172262678e-02 -5.030169045136201333e-03
-2.486326992398235625e-02 1.785309895676090441e-02 6.172854233896796217e-04
-1.392516191954529248e-02 7.651393591243532688e-03 -4.880859277820837061e-03
-1.528022172029852577e-02 1.858185037715287535e-04 1.496217868635651982e-02
3.453977681419639900e-03 1.586271332079322582e-02 5.488020399061044330e-03
-9.774778123627925197e-03 2.991641811604495160e-03 9.768711981337219186e-03
6.631932718756727851e-03 5.100811336215649305e-03 -7.885837610690060728e-03
-2.706406108579142988e-02 -3.010000572688242837e-03 1.484939408293817209e-02
2.222015435448282394e-03 1.533007763912436205e-03 -1.360017642067123944e-02
-1.177780117009086247e-03 1.494379929918854266e-04 -4.127999584820463141e-03
-6.335545029287459329e-03 4.020118339212785941e-03 3.483023616354330443e-03
-2.686807390832157694e-02 9.151723822355961602e-03 1.514006355566266393e-02
-9.299182082794704707e-03 4.599716740970864748e-03 -1.597299374283234208e-02
-2.583949792263634526e-02 3.582725294247746106e-03 9.268553525815681482e-03
-4.533905295559748083e-03 1.483115243165722408e-02 -6.563559260125639838e-03
-6.585686627625486622e-03 7.569625937019097695e-03 -1.721594278857851990e-02
-4.031625918226033889e-03 1.205406474483677881e-02 9.102054896005240536e-03
-1.671285479675910235e-02 8.325865925117692523e-03 1.155957537499752164e-03
-4.110010342628811486e-03 4.088558320745505625e-03 7.453005110448884807e-03
-1.431566972950484851e-02 -1.035235093192420075e-02 5.508289430037338619e-03
5.093127156716725779e-04 -5.208462671707339564e-03 2.250336177800060788e-02
-5.809567644960766941e-03 -1.215786535207619146e-02 -1.879642492591693248e-02
-2.024168367673950808e-02 3.356825669482581265e-03 5.465883913704061570e-03
5.706866313149872028e-03 -6.821903529407730149e-03 -1.148795876103125835e-02
1.504421022184487811e-02 2.455085555538971676e-03 3.018826773043770118e-03
7.227377947538193848e-04 -5.246868947238816916e-04 -4.822630295705732095e-03
2.417621525272473093e-03 2.111036456449920384e-02 4.793527837736927255e-03
7.155854319989884971e-03 3.948231988943007309e-03 9.343268347720368183e-03
7.902447207925433759e-03 -1.273013334639472305e-03 -7.838217346147757780e-04
3.132520628078228064e-03 -3.293798904684841489e-03 2.444508452163152157e-03
-1.847718899188277586e-03 3.017004821749130761e-04 9.523528295065641913e-03
-2.501218241008684728e-03 -2.731881719915563167e-03 2.616289022443529788e-02
-4.596411420234147727e-03 -9.228012614531877489e-03 -1.775990960599926893e-02
2.052541436638222194e-02 7.016873223619768396e-05 2.701588115456843298e-04
-2.084924044584177127e-02 6.740430045024323191e-04 -2.074161671714747079e-02
-2.370786586442630295e-02 7.947202783633144918e-03 1.115837879557446399e-02
-7.177700330047415145e-03 -9.473707758625021791e-04 -6.835060896767330973e-03
-5.964226004735451170e-04 1.326389184612253302e-02 1.073351038796843682e-02
4.210977143060290473e-03 9.298913793230667579e-03 -1.030179615580451014e-02
-1.387202089205175071e-02 1.173887974309195670e-02 -4.508537493840947263e-03
6.525681553145368241e-03 6.054623427917849021e-03 1.287456847229240253e-02
-1.802006592488725190e-02 4.243019731306474362e-05 -4.730705219271991169e-03
1.326467794621777330e-02 4.641122752786941419e-03 8.068004941715001266e-03
-3.033237382384257330e-03 3.903420303930538182e-03 -4.305477365659893252e-03
1.521577485062330926e-02 2.767375674541418251e-03 2.382124496727100471e-02
-6.057666896692820435e-03 -3.975521941338620857e-03 -1.632291399208041227e-02
7.078188977917843072e-04 -8.263682536257671574e-04 3.289944619354390198e-03
1.230316190572555701e-02 2.133974171287300603e-03 2.539852519008789500e-03
2.488788091103477651e-02 1.124158787640300305e-02 9.216027544474147959e-04
7.687355004554030646e-03 7.271754196434387918e-03 7.979233832155152584e-03
1.395683340916753501e-02 1.402093230913817323e-02 -1.016487214271399875e-02
4.286425123430603890e-02 5.494175261674172361e-03 2.387417726492913062e-02
1.983484792297429689e-02 1.789596542174332061e-02 2.627019000998043197e-04
3.747464361800323385e-02 3.202630296008257549e-03 -4.098854301339382999e-03
1.581852275263928576e-02 1.294751674173955092e-02 2.015521567109601619e-02
4.002479487530674618e-02 -5.037364163151814012e-03 1.135425523309852025e-02
2.873922793136696185e-03 1.449276929792442381e-02 -1.986400294408685596e-02
4.462933428848492312e-02 8.299544517619328321e-03 -9.250643624284515809e-03
1.481282078080425890e-02 2.590311013693735731e-02 4.028311970159847988e-03
1.649114948808905190e-02 1.579955201800062325e-02 -2.455941560297603132e-04
1.642503015577467806e-02 2.474724351929202815e-02 -3.065693960697446485e-03
1.830405085274655619e-02 1.267720640267264165e-02 7.918548854182638763e-03
2.847962653069725444e-02 1.542982390227826128e-02 -1.729675121962980650e-02
3.447840566588901423e-03 -6.799681454550531023e-02 -1.907239296587816615e-03
1.418572239269111357e-03 -5.445428927770423755e-02 2.906978835204299116e-04
1.527389217159225154e-03 -6.224503188460062120e-02 9.764437024166738865e-04
2.344415908179908747e-03 -5.339246103088690631e-02 1.825986153652703337e-03
5.683437772174837477e-04 -4.500588521625531468e-02 3.145443918014745321e-03
5.048043209618269245e-03 -4.795569905115562581e-02 -3.570120705846835385e-03
1.372440692648524418e-04 -4.384899581506829236e-02 1.427962979448693659e-03
4.955648790165412265e-03 -5.221562452140560140e-02 4.744326212691163391e-04
3.560334416790045253e-04 -6.077340179638390794e-02 -4.436392016431200958e-03
5.302270336580705568e-03 -7.874227083941653937e-02 -4.328770383714819481e-03
-1.740303650971553040e-03 -7.619951473437683309e-02 -5.109187100078571575e-04
1.879809094244677681e-03 -7.411750183829579619e-02 -8.504901876666970395e-04
1.557638228984359330e-03 -4.728597211538243528e-02 5.217870662690415884e-04
4.804308471930807123e-03 -5.239768777151711243e-02 -2.219162828274168220e-04
2.818188788523912081e-03 -5.104004682448248786e-02 2.747123492440550763e-03
3.787319713946857291e-03 -4.553687533407657639e-02 -6.219778655918162258e-04
-3.785386588788242079e-04 -5.558351030072117283e-02 1.806460755119587702e-03
1.433562642277230736e-03 -3.921693291140615489e-02 -2.179595265897171785e-03
8.270521207131564800e-04 -5.260531170538040868e-02 -3.949500047524923119e-03
-1.141118283857878168e-03 -6.858893807344657034e-02 -3.941969332615258281e-03
3.004482196054425458e-03 -8.874040302883301479e-02 -3.714221129767381058e-03
1.546571542279551181e-03 -7.588587758941822692e-02 5.407575418985288707e-04
1.153304683525480101e-03 -6.462943690446923406e-02 -6.545844375689391370e-04
4.746684250619637169e-03 -4.819083681502434047e-02 -1.679506025027421856e-03
8.584903771939877970e-04 -4.028223129704674998e-02 9.822369689383436686e-04
3.749260650206531764e-03 -4.393167633650651993e-02 -5.759983822883896210e-05
2.430102550348145485e-03 -4.965390913796452477e-02 -1.155796549760834679e-03
1.160094717306492385e-03 -4.818657537953185965e-02 -9.520048974422934407e-04
3.305811955215176567e-03 -5.249609229667839827e-02 -2.935582475402043201e-03
2.344963994488580283e-03 -4.475888695246510451e-02 -2.491601231682238904e-04
3.289793872681912035e-03 -4.118670941556956677e-02 8.359738969545560394e-04
4.415024242190507264e-03 -5.736703604569910742e-02 -1.000851852124284846e-04
2.077145006650127357e-03 -6.067251519930083603e-02 -7.737156549250112647e-04
1.812015906764941064e-03 -6.328873985268046454e-02 1.336794835196997155e-03
-1.652339496886146009e-03 -5.978691270686897763e-02 -7.321744755617309863e-05
2.396632131375753261e-03 -4.669210397901144005e-02 -4.147804829070650401e-04
-7.731467957512450084e-04 -5.071529311953781871e-02 2.123687568087007094e-03
3.666839966476487245e-03 -5.382142408329337879e-02 8.546874681356619874e-04
6.208337819340048469e-04 -5.262676685851475078e-02 3.514174331889385883e-03
2.531824382074887581e-03 -5.371701927361982598e-02 1.511597467967362718e-03
-3.656392459333801526e-03 -5.732763395536721873e-02 2.441814619942306308e-03
-8.405820201266456237e-03 -6.756510454653560926e-02 2.106635734269390881e-03
-4.237548823084580363e-03 -7.456213655996180023e-02 1.019045419980102452e-03
-1.257447907007103183e-03 -7.509107415757898529e-02 3.727351599853712116e-04
3.807247267843649752e-03 -6.551877068564238016e-02 4.056414123589036080e-03
7.391296509156042305e-04 -6.306906575488624433e-02 -7.697857061850221783e-04
1.949038882312070786e-03 -5.158983842045661294e-02 1.514890924902978497e-04
3.471227909401242151e-03 -5.732840595407107109e-02 -1.391220298204709493e-03
3.595151984372435550e-03 -5.785714004896647111e-02 6.004103496337620527e-03
2.201283796074093857e-03 -5.741292842947132158e-02 2.887980299163928066e-03
2.664769752944939896e-03 -4.988484054578146143e-02 1.112778239917844303e-04
1.265125231384445215e-04 -5.139652843217845657e-02 -2.892430304200388491e-03
-2.207106495006883051e-03 -4.790157701336283935e-02 -2.806604779834742658e-03
-5.265442172788015185e-03 -4.561245183079207233e-02 -4.575137427533793044e-03
-2.848312194184687840e-04 -5.208816205783306508e-02 -7.509527562307383164e-03
-2.754571839780339815e-04 -6.126277460262841146e-02 -4.327877683258485320e-03
6.456964456788227835e-03 -7.839528553176933201e-02 2.505324596768332412e-03
1.536343636202919249e-03 -7.213822433980809912e-02 3.795063922329422468e-04
4.875591646076427033e-03 -7.178593521289367008e-02 4.832868865472406128e-03
6.970877834078237356e-05 -6.289601672460776172e-02 -1.739410657137341332e-03
-8.257214241496058094e-04 -5.758453836222088285e-02 -4.069329102037499979e-03
4.126355935767933580e-04 -5.997181732881262661e-02 7.985895479154514476e-04
-2.772677713392512899e-03 -5.283819795706035105e-02 -3.748143055389396849e-03
1.513139813157038382e-03 -3.930059986163814134e-02 2.845587826607598458e-04
-9.867258070244133705e-04 -3.409923424248259560e-02 1.560755541511582578e-03
9.330492481447461017e-04 -3.709988124626845130e-02 -3.807945227357723006e-03
3.021642647705435891e-03 -4.381362049970211059e-02 -3.876797623591166086e-03
5.021653284108973381e-03 -6.329749196317022153e-02 -3.873891365856696467e-03
5.349342821683533700e-03 -5.758548534116490758e-02 -1.104349629554413070e-03
2.590277072116009549e-03 -6.053255825507264376e-02 -1.688546457856432426e-04
6.009274280845300353e-03 -5.631684308669993033e-02 1.875454595885672759e-03
5.202665963179642361e-03 -6.447261953964389392e-02 -3.324895825173701525e-03
-6.355933600466136257e-03 -1.992281408494185613e-02 1.059995225889193149e-02
-2.300512132606458149e-02 -1.205687969728891362e-02 -1.509715940592837313e-02
-2.991253167421814574e-02 -1.728244555926747306e-02 -9.140540683443276748e-04
-3.155867111948063020e-02 -1.650694270771702055e-02 2.005118888465551308e-03
-3.135214919626427843e-03 -1.467278016002282470e-02 -8.684722807856815052e-03
-4.375092364230026565e-02 -1.046161737825311577e-02 -1.618301125422827447e-02
-1.275528260538294489e-02 -2.328628326631587697e-02 1.668250560936712645e-02
-3.722122980707431861e-02 -1.749017869864355479e-02 2.307020960545802524e-03
-6.599953703329108912e-03 -1.964579073757049751e-02 -1.262001712836946510e-02
-1.951874798934483124e-02 -2.796437811346663693e-02 1.698842943142153672e-03
-1.811081083078702747e-03 -2.576404307804569527e-02 1.290457654462073833e-02
-2.920202774913649435e-02 -7.888837753590283164e-03 -5.356722944820369037e-03
-1.724993340959857235e-02 -1.248062876112350505e-02 -1.195526380570394176e-02
7.592805291402049406e-03 -2.207726969886120161e-02 -8.937561791319215132e-03
-1.174525968257167374e-02 -1.746251078480876018e-02 8.751362568806264619e-03
1.716870812447623962e-02 -1.486134833047228487e-02 -6.288655658852615460e-03
-2.062155061091106023e-02 -1.651503235059448293e-02 -1.772559245435334496e-02
1.112025202239549926e-02 -1.483559013699803364e-02 1.814460703692732935e-02
-5.104163517190396515e-03 -1.702820839036967016e-02 -1.231957351197632278e-03
-1.108200186649677121e-02 -1.404576532961504531e-02 -7.964117359388511730e-03
-1.763930828934734407e-02 -1.224479662718686024e-02 -1.937640918292071746e-03
-1.778122188565589568e-02 -1.817998103396614717e-02 1.321927940694656023e-02
-3.709927130346901691e-03 -1.636567351906315082e-02 -1.860638069616626922e-02
-1.566797571851186177e-02 -1.284294570876015618e-02 1.826278613950682583e-02
1.905268897445466791e-02 -2.129674008014598163e-02 3.434143091936958658e-03
-7.943053900663299416e-03 -2.586679840711211126e-02 -1.327177255118794363e-02
-1.674259154196389154e-03 -1.623227858587750205e-02 -2.572128314380250913e-03
2.637066450326575051e-03 -1.164327432466467915e-02 -6.639574956363247793e-03
-3.485289809873393096e-03 -8.011999322206975194e-03 2.085506278376669798e-03
7.408177983820485313e-03 -9.630236441583839291e-03 -1.738557094466419706e-02
-2.787494732160666899e-03 -4.331108235739122847e-03 2.096686868442620977e-02
-2.074415378256663778e-02 -1.248818794317710368e-02 -1.240020894533389040e-02
1.422841307495445462e-02 -9.493632397808773882e-03 8.774516304518975574e-03
2.238960726924688061e-02 -1.894668664624532539e-02 1.945725847718904333e-03
1.380536449177538483e-02 -1.182259430510516907e-02 9.123976221713014922e-03
5.141999777008576800e-03 -2.894206571361378905e-02 -1.268374787504285370e-03
1.698066114427487783e-02 -1.694600557175557354e-02 -5.849073035862351055e-03
2.745493884958705166e-02 -1.050130540716054384e-02 9.321161772390951228e-04
-8.081919756635969065e-03 -9.075758013871934593e-03 2.006412938891033448e-03
6.606258154460586951e-03 -6.111129133101800281e-03 -7.155175563012372564e-03
-8.673959981364554039e-04 -1.054107277409080390e-02 -1.854007579208438727e-02
7.239961325174570916e-03 -3.807840270380197234e-04 8.346859724234656497e-03
3.017695251264740364e-02 -5.128846472643999732e-03 8.743481070325742621e-04
-1.041975049534532571e-02 -6.001157895155595501e-03 6.368815253140480692e-03
-6.761606850403723001e-03 -1.840683499203521478e-02 -9.456399372083978960e-03
-9.609593310779374065e-03 -1.386688027342231067e-02 1.638982262319998995e-02
-5.123677002605298014e-04 -2.211172523318438721e-02 -1.224266174237698124e-02
-4.241190469556954667e-03 -1.516759931570987874e-02 3.209182520789610749e-03
4.318166511751542203e-03 -1.813871633530794725e-02 -1.218255804732137904e-02
-1.180823040868222984e-03 -1.198985572549004022e-02 -3.973148776649226832e-03
-1.445897393418249521e-02 -3.957701911531372185e-03 1.006728798714107143e-02
3.450256193809153604e-02 -1.055560288890518283e-02 -2.915937325762563148e-03
4.190210561079155127e-03 -6.539197358591763987e-03 -1.275408520886855968e-02
3.583974340526818736e-03 -8.151827262908695193e-03 -2.759792859172405244e-02
-2.139312148491723242e-03 -4.157663109163808879e-03 3.770629354731824812e-02
1.248461359064378939e-02 -3.678905437329405004e-03 -1.418365219327455407e-02
7.417968067334801407e-03 -7.694753128607845216e-03 5.941322185174957582e-03
3.192210377291571088e-02 -1.010087701625336787e-02 -8.913526922980974376e-03
1.528961281171109521e-02 -9.556637350596530744e-03 1.232584689228444219e-02
2.452425652505496600e-02 -1.579861214216293774e-02 4.065350789161925604e-03
5.443930686877784808e-02 -1.191244003769043047e-02 -2.133273329860685408e-02
2.490286551055098663e-02 -1.806875603058066479e-02 -4.220794168668273727e-03
2.729969150506250664e-02 -7.107051699743904827e-03 7.628887870836154050e-03
4.073396924108352302e-03 -1.102608107728554609e-02 -2.778132553135659322e-02
6.548807191957828344e-02 6.096961414927826173e-04 -5.730180174420951289e-03
8.244914256999358315e-03 -2.083339906457304380e-02 3.139381157825882340e-02
4.975572643903525272e-02 -1.322106035102960098e-02 -4.990786453236362163e-03
1.061335377306893424e-02 -2.412837362830833055e-02 5.760836219067089203e-03
2.262046641937054403e-02 -1.771024859484526814e-02 9.536105674712302971e-05
1.089036348761096562e-02 -3.050422474917549587e-02 1.193593989618202400e-02
2.769046396103647112e-02 -2.201905956627088490e-02 -1.712000047815243065e-03
1.302324568246712722e-02 -1.938435577977370983e-02 -3.162514065168653410e-03
-4.024369851183262625e-03 6.302028767959158562e-02 -6.106449250049522659e-03
-7.146919842666937805e-03 5.646324457669596453e-02 8.897266452137397863e-03
-1.195614792459454012e-02 6.640467542345107610e-02 -8.604881945838957491e-03
-6.809214081696435272e-03 6.718387496873440279e-02 7.625085533637977753e-03
-1.927848517795699435e-02 7.919767943877259464e-02 1.350945308984333182e-02
7.223927425975551486e-04 5.777527568349105636e-02 -4.297348469764594725e-03
-1.903068425978871048e-02 7.535941847417901296e-02 -5.601759655367688495e-03
-9.946314906635556063e-03 4.399700272064727136e-02 -1.608381791597357502e-02
-1.473173852845816034e-02 6.867018306990084475e-02 8.334805886971913269e-03
-1.579304178669643788e-02 9.040464591844477038e-02 3.044111129933284310e-02
-4.395500060632728800e-02 1.211030196588232521e-01 1.940049526797710255e-02
6.802961682010477684e-02 1.698154451037603430e-03 -9.734019417756867298e-03
-2.642871743760031450e-02 1.284458547892061153e-01 1.290244078683394635e-02
1.321393322591653263e-02 2.926326713333959884e-02 4.317382326846674889e-02
-3.913617535308930306e-03 8.287482382615185550e-02 1.899413822440859656e-02
1.834759589291787285e-02 1.520210078676598187e-02 3.418628564190728802e-02
-3.771132579114433447e-03 1.158295470528821758e-01 4.527228281673220667e-02
-3.918837506760541878e-02 5.976641887056433067e-03 2.338105202882284628e-02
-7.977972523384724290e-04 1.005127489990026435e-01 -2.463339552018622980e-02
-2.309150852342517490e-02 3.343052584035680064e-02 -2.062456328365980252e-02
-1.079006825358944099e-02 1.001128736714373413e-01 1.750013495124802532e-02
-2.398954364361308156e-02 7.618479984311532505e-03 -2.488564537403027688e-02
4.030213277044947251e-02 1.006270066635070182e-01 8.748277730246042938e-03
5.440423398028437774e-02 -1.417814252583249335e-02 2.115350640969185583e-02
-2.733936349668786292e-03 -7.232592140797952651e-02 5.023968301151982008e-03
-1.600799193543223087e-04 -6.023229920053529973e-02 1.711227254265978992e-03
1.160882732566006353e-03 -7.041570899649833570e-02 -9.652422914063901738e-04
-1.053578616203276752e-02 -8.462020782700818700e-02 1.843678615810175059e-03
-9.646312815241309124e-03 -1.140022154313244940e-01 1.702012917524145519e-02
1.467728598112194582e-02 -6.678002401772123453e-02 -8.417151916797621647e-04
-4.609463084802478683e-03 -9.780664571820801845e-02 5.413670918770180363e-03
1.358374123592076543e-03 -6.214196832746675392e-02 8.770564591378648966e-03
-6.870697989137503070e-03 -7.292050744857270228e-02 4.451996531367463650e-04
-1.403115726067533098e-02 -1.154599356386320219e-01 2.547966226609604812e-03
-2.301793186558404036e-02 -1.184025813388503434e-01 6.466897716181418954e-03
-1.011877221237300617e-03 2.225098596446706267e-04 -5.991121222590489737e-04
-4.540432518337439438e-03 -1.477920103924863504e-01 -1.119751127273643787e-02
-1.700914699286265597e-03 -1.244100816437132551e-02 -7.794455078340423171e-03
-4.641290695707789293e-03 -1.129622671413729185e-01 5.607093223159442807e-03
-8.619576984638610551e-03 -1.321814426227141404e-02 1.152655404856373078e-02
3.904053291245102031e-03 -1.412302835748459606e-01 -1.267708406053433268e-02
-3.457770798239834242e-03 -7.800170983703752503e-03 -5.508690638820590291e-03
-1.113038461566684401e-03 -1.353545398859303805e-01 1.778797463194309314e-02
1.072114639835863859e-03 -1.677474861611344403e-02 2.129090797744379038e-02
-1.478897602897363828e-02 -1.276153937849076603e-01 -7.080883469363558058e-03
-2.288710465163179553e-02 2.112941780538427072e-02 2.349827250935798695e-02
3.782620188919227910e-03 -1.234996831562644726e-01 -7.323428863540981659e-04
2.579411529303854422e-03 -3.120835800893700940e-03 -1.022493693222992217e-03
8.213177358374249004e-03 1.017246883092810528e-01 -1.130826935713265535e-01
4.816727278964809400e-02 -2.023766776286086699e-01 -2.236810490842057186e-01
-1.392006282995595645e-01 6.446307486008095999e-02 2.854344822905263701e-01
-3.100689358233799792e-02 1.034658349707097136e-01 -1.094820210986062747e-01
-6.352454794739320620e-02 -2.069094272574198978e-01 -2.008765762981963299e-01
6.613172835521313742e-02 1.106615629170704107e-01 2.945684780156124782e-01
-4.167506436969061270e-04 3.500461301221050037e-02 -8.956679542395090676e-02
1.883321330713722680e-02 -1.553027585448941705e-01 -1.928888686750558357e-01
-1.316100496733150216e-01 -2.524282283318743381e-02 1.963480913144755591e-01
-3.184281176561811616e-02 7.744037206479154056e-02 -1.441627992837350991e-01
-3.370785456389944340e-03 -2.024350035278633109e-01 -2.092083588140833394e-01
-3.682787687254907016e-02 6.675216735206565555e-02 2.087879324796647618e-01
-4.193563083057350732e-02 5.997875787839057615e-02 -1.314578063030266142e-01
-6.147586643057617595e-02 -1.574076210741014448e-01 -2.026725502238917453e-01
6.239855153143419875e-02 3.714771214620657402e-02 1.836635395015694394e-01
-3.103739387016433982e-03 1.061521657521044548e-02 -7.324402995441273156e-02
-9.378390798701861930e-03 -1.200472040993961487e-01 -2.397027632364627792e-01
-7.951166947248017314e-02 -4.928267373172945387e-02 3.230882759449933417e-01
-1.962756367238038119e-02 2.542572810033061348e-02 -3.329780423673828205e-02
-2.733411280853722397e-02 -1.323459552819423735e-01 -2.094745280494810236e-01
3.172741054250895198e-03 -2.167101518994712928e-02 3.806392647511429583e-01
-1.579290122416677697e-02 -7.254370172693785923e-03 -6.510924182468574850e-02
-2.891056526681867050e-02 -1.361026707055565388e-01 -2.272709345187368113e-01
-3.794802320190618361e-02 -2.518970382491825255e-02 2.875652967699940943e-01
-1.547694701557469563e-02 -7.081217533752293125e-03 -1.156108804032118520e-01
-2.425580898213705594e-02 -2.084597781707649977e-01 -2.604201136084338675e-01
-2.888880391600776032e-02 2.565469883094034786e-02 3.050701758838745281e-01
-1.885111859239563953e-02 -6.927065893085282422e-03 -1.112338145802984624e-01
-3.208724487724866348e-02 -1.866249210230545019e-01 -2.368827615992323277e-01
-1.116918134028935250e-02 5.258631248054868035e-04 3.258663036622486686e-01
-9.703085974203905228e-03 -2.242018526545674906e-02 -2.516916694563348794e-02
-2.463045735810717729e-02 -2.129581343047390329e-02 -1.674512741216586664e-01
-2.076361084344274105e-02 -3.384089267118334243e-02 2.311055321002825069e-01
-5.263290441154210714e-03 -1.464663376089943292e-02 1.028010440882224340e-02
-2.409539913572725234e-02 -2.342433996207266000e-02 -1.349036544838442264e-01
-2.319266378384435973e-02 -1.503048190583695931e-02 2.573832174543113638e-01
9.094246425765725034e-04 -1.124521967644750986e-02 -2.188917689457785254e-02
-2.668281645687178155e-02 -4.756212803511625231e-02 -1.897937862982477797e-01
-2.454641010837467496e-02 -1.126543659032433475e-02 2.459177993026036013e-01
-1.990666901146246476e-03 3.225289726611069163e-04 -6.406201368787881045e-02
-2.679622293544840772e-02 -9.479313703213648745e-02 -2.544103357888866102e-01
-2.834047116336309291e-02 -8.581222681739858471e-03 2.788968506275935066e-01
-3.179009739981607241e-03 -1.238274431322987368e-02 -4.724436937776999024e-02
-3.024639070407783570e-02 -9.540422199264358971e-02 -2.124218859070866328e-01
-1.963357192809119661e-02 -9.277737135390901058e-03 2.821104042289772629e-01
-7.324900069064898406e-03 -2.377176198640484212e-02 -5.482219752049726294e-03
-2.337175304347329299e-02 1.259675567637957155e-02 -8.915473756121050641e-02
-1.856268891661681797e-02 -2.506337199762578849e-02 1.344709288942173564e-01
-4.474413775369244506e-03 -2.256551098043746428e-02 2.443854109522283768e-02
-2.363225140166681781e-02 8.705181648249495086e-03 -5.703891750331885335e-02
-2.051191518953237453e-02 -7.357437936956721936e-03 1.518003278396713729e-01
-8.985261820884920397e-05 -1.155265864115748164e-02 4.327924278961503557e-04
-2.230674528334724085e-02 -2.970253564050652495e-03 -1.087602431479789689e-01
-2.364234333232545504e-02 -1.108752979902655200e-02 1.440794648685841395e-01
6.558776221698130876e-04 5.714508635336901232e-04 -3.331108389083048404e-02
-2.291847619627723071e-02 -2.085504138836283272e-02 -1.654070806621550371e-01
-2.655499324587885096e-02 -2.058264064474726873e-02 1.494776166223606984e-01
3.890556234733459975e-04 -9.597401232810720551e-03 -1.739777711653286291e-02
-2.613318830980743829e-02 -3.134664976188997199e-02 -1.263531538838293111e-01
-2.377166436629550572e-02 -1.182586802024701567e-02 1.646579484839224561e-01
-6.952831665312225046e-03 -1.947639769235946783e-04 -2.217107184936164752e-03
-2.303986579827495274e-02 1.744738430983971966e-02 -3.564847853583688608e-02
-2.206657146702990790e-02 -2.822005076932572465e-02 7.128741867078303152e-02
-4.543519988447843744e-03 -5.404942166501031098e-04 2.769808507019452803e-02
-2.336376789942944815e-02 8.602742202011336506e-03 -8.241121844396112617e-03
-2.266049187957361322e-02 -1.301378111239921698e-02 9.047513789896355352e-02
-1.393869342715082713e-03 6.378396299262997782e-03 4.584367493732586715e-03
-2.238820151481446530e-02 4.639495231190620891e-03 -5.054215766583997071e-02
-2.430050449858871253e-02 -1.463905295253344063e-02 6.804956180188698189e-02
-2.312431459576616555e-04 1.281079069306433060e-02 -2.865901302827772446e-02
-2.328828435578775280e-02 -7.444043953739737374e-04 -9.304316216256866556e-02
-2.677151912561265279e-02 -1.974627196310440452e-02 5.057204884810329037e-02
4.104491745103239567e-04 7.964139513976870033e-03 -1.429399726313421159e-02
-2.538360457788611801e-02 -1.210111836086071035e-02 -5.884751215842221050e-02
-2.648898745993996662e-02 -9.599136674340015551e-03 7.558709980204425527e-02
-7.703805714172225899e-03 1.884872096210216119e-02 -3.118664275133874175e-03
-2.330577005230806409e-02 1.465249004239969899e-02 -6.786438824145701876e-03
-2.332109092877368561e-02 -3.586935457858686505e-02 3.771693972409484452e-02
-5.350508459648177506e-03 1.849102307504852521e-02 2.804974373667174642e-02
-2.363255026075745252e-02 3.548346265154793053e-03 1.755092518550769448e-02
-2.377203131536544806e-02 -2.247608596781922735e-02 5.895894511100233104e-02
-2.546638441059990987e-03 2.168728120852924518e-02 4.827535682760712536e-03
-2.319283030274062185e-02 1.523106771340248383e-03 -2.019936657344460415e-02
-2.442088801659310707e-02 -2.216463545519128941e-02 2.811832420502739793e-02
-1.288565711071143136e-03 2.450376231416247219e-02 -2.998657301714016676e-02
-2.443738914629926817e-02 -2.638659775307024974e-04 -5.603435612389096043e-02
-2.633564146348160717e-02 -2.378465054266444556e-02 5.767049861191905769e-04
-4.702239208044679125e-04 2.259944651111119723e-02 -1.671024118745888243e-02
-2.592150522786566824e-02 -1.109444392841804627e-02 -2.366006933747993868e-02
-2.700087623883609678e-02 -1.347497839398267144e-02 2.999564406625657154e-02
-8.297161456149022146e-03 2.664777283071399772e-02 -4.106936736656878126e-03
-2.351574630918894931e-02 1.325077420377735599e-02 6.553763078876000125e-03
-2.363029182237862125e-02 -4.026581912724559731e-02 2.236727040550106488e-02
-5.950755909742491689e-03 2.644480536138769239e-02 2.802759361678264227e-02
-2.384535223130639092e-02 1.392730200159423767e-03 2.946468199529943266e-02
-2.400080862767344642e-02 -2.763006583951556350e-02 4.435470228157936678e-02
-3.234506219354433762e-03 2.771918867230534905e-02 4.944087771717408514e-03
-2.369604604859007480e-02 -2.570474956451653664e-04 -6.717939446451085331e-03
-2.422596475998137211e-02 -2.657011200544923124e-02 1.028084203760867149e-02
-1.934466095923313700e-03 2.881354750516144925e-02 -3.089799616471240740e-02
-2.510897259059638453e-02 -1.070841528403575563e-03 -4.005393390465272763e-02
-2.587443024820660492e-02 -2.688953406394067880e-02 -2.062142686266342853e-02
-1.082746871473916350e-03 2.814382179520027311e-02 -1.843842634706939487e-02
-2.636200098739974185e-02 -1.157074698444265567e-02 -8.118021083380395908e-03
-2.687405019403911466e-02 -1.654744727453574815e-02 1.041479879967376759e-02
-8.537886838843277565e-03 2.682237760617037226e-02 -4.590228871884640023e-03
-2.362259536940512772e-02 1.387666039444827165e-02 1.296780412958916523e-02
-2.365344189752001391e-02 -4.088531649274483593e-02 1.540036079679082612e-02
-6.189590228812668488e-03 2.674526792108133239e-02 2.805862035376276153e-02
-2.396068820934329352e-02 1.769094932020445765e-03 3.532414072279912998e-02
-2.399387003247237249e-02 -2.852870498761295864e-02 3.756804664082857848e-02
-3.490029209500502411e-03 2.715183985686940929e-02 5.179767022847325646e-03
-2.394569140695869403e-02 2.553958199628149350e-04 -3.777571129307678681e-04
-2.403707857764707939e-02 -2.718156701479285120e-02 2.316805755356652133e-03
-2.177278454125391310e-03 2.749472618786549805e-02 -3.115138318414001350e-02
-2.543683566514244598e-02 -2.640727557732657632e-04 -3.280166126744803179e-02
-2.557467469552700268e-02 -2.702071058279871194e-02 -2.961639870110722647e-02
-1.325401175834317949e-03 2.732257703871204813e-02 -1.916902234386904519e-02
-2.659354806605059018e-02 -1.065207260095627287e-02 -9.520836620177134876e-04
-2.669563570730905389e-02 -1.668139318491220630e-02 2.054748271676104261e-03
-8.500869240251184705e-03 2.544838763677911495e-02 -4.650008071962765353e-03
-2.363982943912899815e-02 1.428408590481260870e-02 1.855438251904634184e-02
-2.357032485336814365e-02 -4.007524270059092952e-02 1.032230225087219996e-02
-6.141018850768918680e-03 2.547669285325962832e-02 2.825163433255232365e-02
-2.400042618601787303e-02 2.068424075363076153e-03 4.072864566232450856e-02
-2.389762004203495327e-02 -2.784355567673454934e-02 3.259630685346967538e-02
-3.448399461894397292e-03 2.543263768443762562e-02 5.452234723455936898e-03
-2.410833321970279330e-02 6.381160996724137557e-04 5.325534204186663928e-03
-2.382645883256778729e-02 -2.636842028014189585e-02 -3.192776171702736698e-03
-2.159606910014539097e-03 2.532916228365553191e-02 -3.106222372283681810e-02
-2.565364069272705119e-02 3.012186710619844249e-04 -2.668015828801578726e-02
-2.530444899326839830e-02 -2.599524268450373321e-02 -3.559339531336906670e-02
-1.306727180969743246e-03 2.541470028211322355e-02 -1.928709552009322259e-02
-2.673018657919065677e-02 -1.008648372996365228e-02 5.094733507081571772e-03
-2.650031757858337111e-02 -1.565280662410859641e-02 -3.591413042947902076e-03
-8.194632096196786952e-03 2.774000372347007470e-02 -4.264587809523805867e-03
-2.348783811713819197e-02 1.251304079080210740e-02 2.909862309812492887e-02
-2.337859747379848058e-02 -4.029036658577282715e-02 1.702991333401981857e-03
-5.800287897356221772e-03 2.791296714355771813e-02 2.883457964498115089e-02
-2.390607494200260030e-02 2.069772366227913551e-04 5.121922933070813255e-02
-2.369620376324849120e-02 -2.814724590774848878e-02 2.426903764792789908e-02
-3.118610163145435488e-03 2.746311193119808231e-02 5.963648116021567566e-03
-2.425606984861924942e-02 -1.135067986044065863e-03 1.639131915111483040e-02
-2.343398014365202786e-02 -2.657258104502223037e-02 -1.211137994733550369e-02
-1.922989925860353611e-03 2.681952325911501206e-02 -3.070500144373194962e-02
-2.588709606508762806e-02 -1.271770558373828269e-03 -1.501017892285903821e-02
-2.483357790372092699e-02 -2.605840590389341127e-02 -4.515272360467464940e-02
-1.068620101645250536e-03 2.710021459696902030e-02 -1.889100844794574380e-02
-2.679270739143882474e-02 -1.163937289041831052e-02 1.645509365135806520e-02
-2.616504930290335096e-02 -1.566986143396528058e-02 -1.279095628867027087e-02
-7.635181490320795683e-03 3.548605663239678965e-02 -3.446519069972498600e-03
-2.274889267552642619e-02 9.304905544527619643e-03 5.257058393392508022e-02
-2.308396339302937195e-02 -4.141599354185377529e-02 -1.743573039780976081e-02
-5.189493021130291844e-03 3.598389215643248151e-02 2.997706810483571904e-02
-2.324970460489339530e-02 -3.011854841614619582e-03 7.491744901958008462e-02
-2.338511230987067036e-02 -2.941441796175259249e-02 5.686572640867658401e-03
-2.519323873930464849e-03 3.492002301299066552e-02 6.781528682399788795e-03
-2.416300098308539479e-02 -4.233939880965650188e-03 4.122851722280265752e-02
-2.268661307429577223e-02 -2.761087251255516656e-02 -3.174787516065087634e-02
-1.605234058301464872e-03 3.318854913558740016e-02 -3.027134240392809206e-02
-2.591134578644736786e-02 -4.119909283322613358e-03 1.106431936482345224e-02
-2.390884295665929998e-02 -2.684761425721553588e-02 -6.606657362762879959e-02
-6.785578964855140671e-04 3.379045353080388503e-02 -1.818396504941396236e-02
-2.643485664336906599e-02 -1.436382406958483168e-02 4.187363801564891741e-02
-2.560028651772022074e-02 -1.636687877297940408e-02 -3.299474714693989563e-02
-7.408968909739667430e-03 4.339961251271987064e-02 -3.294222970251881738e-03
-2.094729449064223342e-02 1.299120142852555615e-02 1.003083223966214632e-01
-2.298226268860863869e-02 -3.555868483437159278e-02 -5.614134467734677170e-02
-4.950188789521074717e-03 4.453277588500478834e-02 3.056486325990279834e-02
-2.136345489992697716e-02 1.175978420617493359e-03 1.234972949248622776e-01
-2.341063511757698890e-02 -2.326509570517065750e-02 -3.238062747747530445e-02
-2.278034717838096218e-03 4.292631911336960981e-02 6.505837154559168840e-03
-2.341289372441723859e-02 -2.935996635458418269e-04 9.101111616137597116e-02
-2.172936848611704830e-02 -2.092462779110897120e-02 -7.091075018589804158e-02
-2.142674454326941313e-03 3.914102924502030345e-02 -3.146811254873435604e-02
-2.487883087186797820e-02 -2.301251818338928556e-04 6.290557599560092639e-02
-2.247250064100653200e-02 -2.006344888650228586e-02 -1.072299076188046596e-01
-6.048171745485697234e-04 4.028303441810365815e-02 -1.844131792459897251e-02
-2.516681972858000188e-02 -9.369183421878125861e-03 9.375073150062677996e-02
-2.504602901805146747e-02 -8.885470808762056805e-03 -7.331965952821745125e-02
-9.551973836740591806e-03 3.010941436807922089e-02 -1.048588236714249194e-02
-1.752297395368523913e-02 3.741682992391223705e-02 1.822084170500433142e-01
-2.434292024519878195e-02 2.118211999961330805e-03 -1.217473876378721287e-01
-5.932625458208591260e-03 3.295839375986606146e-02 2.441408407034145744e-02
-1.835846578109664312e-02 2.679757265604930383e-02 2.073389496897676543e-01
-2.569402017450948816e-02 1.763375464560190675e-02 -9.749500746576700294e-02
-3.869914589719955500e-03 3.198027072670875381e-02 -7.901792348044799075e-04
-1.984620866485653501e-02 2.385528199483015477e-02 1.737335645179322041e-01
-2.289361639285487915e-02 2.006942391064961417e-02 -1.346773886192469960e-01
-5.933471713748656590e-03 2.410451949614410283e-02 -4.071820036329766579e-02
-2.159611975460708905e-02 2.096803389438398058e-02 1.474339142734586439e-01
-2.197220952981386588e-02 1.954067763110248213e-02 -1.728652976067281966e-01
-1.457597398533389162e-03 2.611215087322421580e-02 -2.676218157508650913e-02
-2.582511918936974959e-02 1.553851663625885338e-02 1.812257447867811067e-01
-2.538069754016963192e-02 3.428624100374262629e-02 -1.406402752496245800e-01
-1.534380035640070875e-02 -7.617796414020022722e-03 -4.393353531496012321e-02
3.729272885562077283e-03 8.272764466350418511e-02 2.646705288624302543e-01
-3.423250016445764793e-02 1.028879164553185288e-01 -1.899525877351184722e-01
-1.032633008943996920e-02 -6.727108568291284563e-04 -1.167266799257169613e-02
-1.216278214877115904e-02 7.108479278225435238e-02 2.837345995719700031e-01
-2.979424930089996648e-02 1.223021068722753291e-01 -1.627241336404410266e-01
-8.910035872616010877e-03 8.771891757787808608e-04 -3.840926723553722555e-02
-1.354226444186991483e-03 6.916738752880513541e-02 2.451760662451770711e-01
-3.515963885819713836e-02 1.224150387253564176e-01 -1.950673616418607814e-01
-1.232104797190970019e-02 -1.419999899360252504e-02 -7.486136711493307505e-02
-2.444860599464999257e-02 5.879309791925074746e-02 2.206999912981181811e-01
-2.389402948128287185e-02 1.146423349393049795e-01 -2.292321361811490432e-01
-2.784050587210529920e-03 -9.657004707898264595e-03 -6.298131026630143792e-02
-2.880670805502073828e-02 5.316146244724315184e-02 2.534784657387858520e-01
-2.474303969402878028e-02 1.361061438411117208e-01 -2.013304869940032715e-01
-2.343586312356707099e-02 -7.156848038810342816e-02 -8.841441312814329878e-02
4.507801269886099749e-02 8.318542266261580442e-02 2.433818266440084532e-01
-6.488733373823030171e-02 2.029388906439849594e-01 -1.993223690667683679e-01
-1.527844785894729232e-02 -6.687175395318156745e-02 -5.248729377895614001e-02
1.928755894867947851e-04 7.110829089841910755e-02 2.373111868651600620e-01
-4.605488437926268108e-02 1.929392993430883996e-01 -1.648349316941121190e-01
-8.867673896397389871e-03 -6.153040525767697333e-02 -7.413655181434983255e-02
2.015100191347454772e-02 7.575561488241933095e-02 1.750675389583988550e-01
-6.849656909182746944e-02 1.860742062319816481e-01 -1.907176283606863976e-01
-1.087756270719958916e-02 -7.860156805069812291e-02 -1.063635301153483814e-01
-6.662563575570805419e-02 7.724583315172081632e-02 1.732285155785276420e-01
-2.569195765419788561e-03 1.799816111976716426e-01 -2.230870474306717588e-01
-4.766609494783101419e-03 -8.505769852026640043e-02 -1.045906263794342261e-01
-1.965260202131803580e-02 5.439182475766610181e-02 2.067990970102615012e-01
-4.439454674565261605e-02 1.914247006873601997e-01 -2.033535090144665269e-01
6.376090438746898070e-02 7.973518607811563852e-02 -1.288062797410723936e-01
3.795982401252305516e-03 -1.744576570407523897e-01 -1.959031098698721940e-01
-4.500713803800765467e-02 6.583980839439712573e-02 1.836961037713208400e-01
-4.581114813740530534e-02 1.259744463990250529e-02 -8.071471028388071955e-02
-1.037410878919386437e-01 -2.308606148180970541e-01 -1.865582922090807116e-01
2.083588199598434554e-01 3.728209842357063653e-02 2.756287211917221036e-01
3.002634998183133230e-02 9.390838369546822273e-02 -1.255589317811778571e-01
2.350392122808651896e-03 -1.972525198758839360e-01 -2.310347833624268876e-01
-4.621887857883424933e-02 5.023878193303564499e-02 2.540308988025969938e-01
-1.111775024792406238e-02 3.802464700208205151e-02 -1.446315857858136988e-01
-3.675379662639899347e-02 -1.810352522419794163e-01 -1.808995224026367366e-01
8.913936481596916594e-02 8.337152091895794204e-02 1.443127796272299368e-01
6.878321054353112030e-03 7.291448366398403658e-03 -8.124221945781254228e-02
-4.271346648352652986e-02 -1.234097008853802802e-01 -1.039773401848651524e-01
8.995239100417207201e-02 5.036256250076651120e-02 3.060657315261411382e-02
1.235185464079872203e-02 1.514060087743435146e-03 -1.061886688439605542e-01
-3.094991239592336917e-03 -1.680408085884290137e-01 -2.545773682879123312e-01
-2.953082584934894200e-02 -3.846549744650054614e-02 3.470826861362723559e-01
-8.664052119559492726e-03 -1.706278105176511906e-02 -4.848905033371206375e-02
-2.270800266991973571e-02 -1.407531369513612685e-01 -2.028433875036365353e-01
5.759065329892526508e-02 -4.985980438587947483e-02 3.200457997986203562e-01
-8.456456599597497736e-03 7.374431200124376140e-03 -6.626733341625631879e-02
1.596363530807391046e-02 -1.722782601015556136e-01 -2.315600056399483853e-01
-3.663058264764743055e-02 -3.313824121893765851e-03 3.425561444364695340e-01
-7.242945533448195972e-03 -4.042517694634441272e-02 -1.395450576519861041e-01
3.306776618865581163e-03 -2.551172548707798526e-01 -2.587972174506192324e-01
1.012833742657006167e-02 6.008135256331779972e-02 2.892128921635002126e-01
-2.800656450937997338e-03 -4.825994770906835707e-02 -1.140934496289755518e-01
-1.010575433465481926e-02 -2.450169110695511465e-01 -2.095614018666698553e-01
2.449031267988035360e-02 4.423812839670897279e-02 3.057038993693976803e-01
3.287728856814471114e-03 -1.598120087876619966e-02 -3.667989101788735051e-02
-7.692001723832874241e-03 -4.796706549537484154e-02 -1.932997092691893792e-01
-1.009769376073925418e-02 -3.999365854055297875e-02 2.670824056385763257e-01
1.030500509926436312e-04 -1.963578407320473729e-02 2.229411818151316380e-03
-8.308070252419913829e-03 -3.821858275347936318e-02 -1.448190960333145538e-01
3.629269126580827488e-04 -2.044507846709922583e-02 2.595542624923141695e-01
8.606207917333163690e-04 5.934421326959926635e-04 -3.084372996421315405e-02
-1.526601474483278882e-03 -6.102705759902349314e-02 -2.090186274517051856e-01
-1.294986735976948883e-02 -1.039121531192628567e-02 2.726725065474967513e-01
4.517130944263047371e-05 7.258202818442915927e-03 -7.670115717138453748e-02
-2.104084889756355388e-03 -1.253623342341892433e-01 -2.767297718088612690e-01
-8.387359299444313576e-03 -6.179845021498778235e-03 3.096515600160725246e-01
3.095492126818088184e-03 -1.287558491429545426e-02 -6.587614724966811552e-02
-5.607436190685008079e-03 -1.438147407143051948e-01 -2.430159703476816313e-01
-9.414188276685470091e-03 -1.179722075653286129e-02 3.234939787996202742e-01
6.482379822865093691e-04 -1.752442098847685481e-02 -8.930333072740263833e-03
-7.372805796515178103e-03 2.284742589825985992e-03 -1.036914696606726916e-01
-7.494179296430401177e-03 -3.136979152952884542e-02 1.521876210784441352e-01
1.914494730294693733e-03 -1.982555909420523343e-02 2.211666179305288304e-02
-8.690633691910714179e-03 1.650131758070001731e-03 -6.532554400253459681e-02
-5.327185490112709004e-03 -1.142595111158989374e-02 1.603255769645021145e-01
1.356953375474629839e-03 -3.815433898156292414e-03 -3.582732415784651431e-03
-5.488526342155722673e-03 -8.181640347391549994e-03 -1.210616139818151971e-01
-7.851642505165751934e-03 -1.329150473665625942e-02 1.560864766588067054e-01
5.705233035937853914e-04 1.034454011517767225e-02 -3.958492372105650026e-02
-4.023474266768667026e-03 -3.059505422883432302e-02 -1.833964046072938947e-01
-9.781617451203095115e-03 -2.432028134973394928e-02 1.690866053069954855e-01
2.445366373408788298e-03 -2.251866512818223587e-04 -2.153620821656750117e-02
-8.083681348416454221e-03 -4.586950792896904439e-02 -1.468033955977084970e-01
-9.744473731129979499e-03 -1.970468468387975847e-02 1.913473436348981371e-01
7.823162608665470280e-04 3.005690929638080156e-03 -4.364341013276803148e-03
-7.397239319495083065e-03 1.427969321055367821e-02 -4.148530740970465813e-02
-7.403563069784582784e-03 -3.037794533882381964e-02 7.759235952597805241e-02
2.096447440915549278e-03 1.928633138954402582e-03 2.660756791172079472e-02
-7.932445802911679625e-03 6.287048556010366163e-03 -1.207446533423732482e-02
-6.161265540729989401e-03 -1.443826517693036493e-02 9.500802906511729429e-02
2.139537943551994732e-03 1.021959758766824433e-02 2.259055724467934692e-03
-6.853808634852661189e-03 2.650099159150405906e-03 -5.678143559719520117e-02
-7.147360621165948710e-03 -1.592315866800809998e-02 7.292731515391352726e-02
1.891130004752145273e-03 1.766037925784955803e-02 -3.278499157086195437e-02
-6.061910447384079650e-03 -3.402651089074663904e-03 -1.018628570020014834e-01
-8.628074819307598661e-03 -2.218067079795277285e-02 5.741635140091005951e-02
3.223825256877590854e-03 1.256929425962069469e-02 -1.672501394463010715e-02
-8.567809913952451062e-03 -1.505984185704301037e-02 -6.715726301261204512e-02
-9.053171448502225424e-03 -1.381147341557499575e-02 8.481832421138019162e-02
1.137849313828710220e-03 2.021487491096556066e-02 -5.224652213329974981e-03
-7.801775996587528156e-03 1.344387466371634032e-02 -9.205174221964984582e-03
-7.757556103981532239e-03 -3.610298050576057904e-02 3.932094397928785623e-02
2.529579848547775130e-03 1.964276716558357311e-02 2.688402372063405932e-02
-7.830459173309472359e-03 2.673659564167277236e-03 1.591590941620614139e-02
-7.161909557777361782e-03 -2.269919527943720094e-02 6.049945973709511260e-02
2.863879719704655845e-03 2.335374143834467731e-02 2.702573743214673613e-03
-7.548612465002532690e-03 7.519768300802203917e-04 -2.341160503591941874e-02
-7.499434860333921427e-03 -2.257696350546175429e-02 2.938366747435412069e-02
2.750141775127033957e-03 2.647826209969680877e-02 -3.379988915461434873e-02
-7.438561707473940326e-03 -9.594982975879313286e-04 -6.055832230333360600e-02
-8.313574006063403909e-03 -2.471310713741702025e-02 1.700917486790949271e-03
3.830041032848635445e-03 2.440181635971132995e-02 -1.917324748286780567e-02
-9.138697079382048991e-03 -1.137236482184596567e-02 -2.725815817363151650e-02
-9.304426979830457412e-03 -1.499728071636326904e-02 3.190309510641681223e-02
1.378834450999307133e-03 2.712553792649638473e-02 -6.315630887064333475e-03
-8.048325760258257661e-03 1.255008645928161470e-02 5.299119167642661610e-03
-8.053982332836918945e-03 -3.991506332691216463e-02 2.236760574571484972e-02
2.773784576993969589e-03 2.687718670727796966e-02 2.676268876146065817e-02
-7.859545282222050316e-03 9.627653423119209714e-04 2.871603547809644524e-02
-7.670437634862671550e-03 -2.743746459492323736e-02 4.464062397122539605e-02
3.232636513825736836e-03 2.833924753807459673e-02 2.750307786243712076e-03
-7.828883832156061096e-03 -5.669300134828105658e-04 -8.638063293464963779e-03
-7.819033458773803208e-03 -2.662290301920097746e-02 9.918271506920747771e-03
3.137973175680803736e-03 2.951799863977205840e-02 -3.478831252879013847e-02
-8.010469211391254424e-03 -1.149540124695752966e-03 -4.291383719987187928e-02
-8.321958029355099040e-03 -2.725451620004390452e-02 -2.167548192847902622e-02
4.129802631777488089e-03 2.875852455804336905e-02 -2.106314475983331325e-02
-9.461800864352335610e-03 -1.121630159547715687e-02 -1.017376653038909451e-02
-9.566110296829483800e-03 -1.732282168604656891e-02 1.000392591547159815e-02
1.460085841962496106e-03 2.689116072962607212e-02 -6.849902007604618918e-03
-8.142082320517989025e-03 1.334316615746647394e-02 1.219688793356899642e-02
-8.144400122893268035e-03 -4.033248614460258064e-02 1.479836814637043932e-02
2.852932002008905926e-03 2.679703058926099016e-02 2.676791091076721057e-02
-7.864204092437576329e-03 1.486933371808572824e-03 3.498190086890573536e-02
-7.842988467287679427e-03 -2.819388371203301186e-02 3.734068317099299705e-02
3.337618339230332722e-03 2.723154034298413961e-02 2.954954309766581397e-03
-7.910832317370729977e-03 1.532582432743311018e-04 -1.675032268746148943e-03
-7.914275188839378292e-03 -2.703377770147503967e-02 1.202184061738028990e-03
3.249458569499788681e-03 2.760119039103834521e-02 -3.508152357913085773e-02
-8.222753493966847640e-03 -1.011506300962871502e-04 -3.495289329808801138e-02
-8.276572690852050315e-03 -2.715000837828378255e-02 -3.154237969101032768e-02
4.222196349640883195e-03 2.742669412487531641e-02 -2.184506129733176927e-02
-9.591806985710930877e-03 -1.009441437360752286e-02 -2.403424283706524778e-03
-9.615632207620232463e-03 -1.721613837297529190e-02 8.236034282163439031e-04
1.437023044187207658e-03 2.518167903180828018e-02 -6.905077805191753466e-03
-8.126674145888343470e-03 1.390353711982642015e-02 1.821871813015263353e-02
-8.111788118466918551e-03 -3.938402831167708840e-02 9.316053888972407326e-03
2.818804250324815838e-03 2.517874924810458229e-02 2.695016881976707718e-02
-7.770073807185418069e-03 1.896026364286294147e-03 4.083337370369177766e-02
-7.872786527108320206e-03 -2.738963309532705531e-02 3.200206407008608644e-02
3.296790912707864112e-03 2.503980709839886618e-02 3.244525908432418539e-03
-7.874443673147241141e-03 7.194451731087764257e-04 4.713675714902047786e-03
-7.886890107214947557e-03 -2.604494495793571729e-02 -4.892870874276483359e-03
3.214625921967240868e-03 2.493909514453538506e-02 -3.496875491708417716e-02
-8.293021256943908237e-03 6.704192170822083352e-04 -2.811728086320532116e-02
-8.150894918527959096e-03 -2.593275418982378400e-02 -3.814722621031473027e-02
4.198396175529856347e-03 2.510767895960917470e-02 -2.194227441665357048e-02
-9.604021744454835363e-03 -9.334544881728587887e-03 4.191769637995711520e-03
-9.554759610577258366e-03 -1.601519707320557540e-02 -5.339816322160600981e-03
1.299928506957752361e-03 2.688189507185543420e-02 -6.476162514430628889e-03
-7.968218304494682075e-03 1.241881366864047709e-02 2.965317333212660889e-02
-7.959610084183249556e-03 -3.932647497171369577e-02 -3.372148985538933608e-05
2.635866035224403853e-03 2.694820108870709524e-02 2.762543320807620689e-02
-7.420063523768545208e-03 3.223946285356923958e-04 5.238753319847254397e-02
-7.850930179041600010e-03 -2.745444758208546998e-02 2.290811934700240360e-02
3.050656884969877441e-03 2.612135105390592932e-02 3.852505067094297991e-03
-7.647832254364498455e-03 -6.338438012388480924e-04 1.734802331263897435e-02
-7.716605475842484851e-03 -2.586364722894599760e-02 -1.497587187930448510e-02
2.988342188978128020e-03 2.547320260592251390e-02 -3.450091742151965846e-02
-8.263198728462256906e-03 -4.260395848326610502e-04 -1.475060166621846788e-02
-7.821839638908536022e-03 -2.555526981414635995e-02 -4.897243922042310293e-02
4.047247328161980573e-03 2.612329352192732657e-02 -2.148790061981493277e-02
-9.458541130805790675e-03 -1.048186905391690696e-02 1.678360403458468986e-02
-9.374053250822148020e-03 -1.564191212088927516e-02 -1.547819327480237650e-02
9.996502119158602248e-04 3.337997256749412889e-02 -5.674455782679439612e-03
-7.645052155122620749e-03 9.959971801057225516e-03 5.544133814610213706e-02
-7.646918761050225388e-03 -3.974962499435538005e-02 -2.103624147474942446e-02
2.185426888279030054e-03 3.340609544868464870e-02 2.895080795137922047e-02
-6.576966289109784786e-03 -1.999184598515679062e-03 7.927506438519701937e-02
-7.865607186106609444e-03 -2.782703203237392800e-02 2.235436628550709244e-03
2.364190270340443996e-03 3.149295411684336493e-02 4.714216706438854702e-03
-7.160890856966644832e-03 -2.634686525218123132e-03 4.619310877179005903e-02
-7.197186136334667028e-03 -2.568184198528921172e-02 -3.768577782903875101e-02
2.371440298489262653e-03 2.948197009037891586e-02 -3.388181995305189487e-02
-8.125490420599044278e-03 -1.797781650263726577e-03 1.620383346558711135e-02
-6.981316729921993938e-03 -2.492267303440709111e-02 -7.332704129324457698e-02
3.680964575586776269e-03 3.138892274799898879e-02 -2.072593003778826215e-02
-8.991192664456137962e-03 -1.207946380392634772e-02 4.530801243470869433e-02
-9.036611956093733647e-03 -1.514018506779563414e-02 -3.811495357988173294e-02
7.411070084716942299e-04 3.831908059864090610e-02 -5.998477299892539943e-03
-7.511157474544668394e-03 1.570054884571520093e-02 1.100133388315635563e-01
-7.357582488436834045e-03 -3.137097993459373596e-02 -6.489158774199649260e-02
1.740956652101344378e-03 3.856784117683020874e-02 2.941464354724060426e-02
-5.420279872211478459e-03 5.126245512276021710e-03 1.369862520851790055e-01
-8.279759804907280835e-03 -1.808206076955709909e-02 -4.174975883288590400e-02
1.407859008683104603e-03 3.555411370091444978e-02 3.518424851281493244e-03
-6.920311724570828854e-03 3.436169042189803069e-03 1.044689347701911464e-01
-5.956526158169096058e-03 -1.514994298877392689e-02 -8.415023694691949052e-02
1.250739405971547022e-03 3.007133841554550380e-02 -3.534906320957520443e-02
-8.373395965195975718e-03 6.351135153600993843e-03 8.261906318390800641e-02
-5.153318583217427959e-03 -1.270139115670138041e-02 -1.237820476915750256e-01
3.147205138553094486e-03 3.527031189999527139e-02 -2.171502288349605458e-02
-8.652516102197646899e-03 -4.584757776404525809e-03 1.043361194509360157e-01
-8.694330364061428687e-03 -3.949122637325615248e-03 -8.458105397155701866e-02
1.286913896625076041e-03 1.794919225774369020e-02 -1.588700666239143550e-02
-1.005259723204658673e-02 4.008587485386705396e-02 2.093429627809316740e-01
-7.013701994037852688e-03 1.356831383044332373e-02 -1.415133996629424351e-01
9.805213522912836419e-04 2.208482872854382328e-02 1.951362876807810967e-02
-6.247684965469296400e-03 3.177763663812352424e-02 2.399941853834802186e-01
-7.390721115441530736e-03 3.651870145005264856e-02 -1.206813742397186140e-01
4.269182194562969740e-04 1.807598135139498741e-02 -9.057805061033361027e-03
-8.112902082304057627e-03 2.357474831538688975e-02 1.961304087085569137e-01
-3.126064696192778353e-03 3.161738209562646451e-02 -1.578187378780826489e-01
2.740025912305694630e-04 6.044365036058027552e-03 -4.941079280412895292e-02
-8.832975349896340922e-03 2.719591231875895243e-02 2.004886957642297018e-01
-2.641104815072366392e-03 4.840878765986300625e-02 -2.097646503376358051e-01
3.837989498108994139e-03 1.772440826577621753e-02 -3.435934190696263157e-02
-1.205766722283842241e-02 2.051852571678633441e-02 2.031686972641794930e-01
-8.109669702795887364e-03 4.799315243853907731e-02 -1.619677501958806110e-01
4.930684949503888991e-03 -1.903372938977987427e-02 -6.017858765011671607e-02
-3.003082639788721628e-02 7.457500156486218668e-02 3.076083593139817829e-01
3.470443254705948312e-04 1.375287296588914021e-01 -2.160761695828669338e-01
-6.503568067848814610e-04 -3.192197740791491434e-03 -3.128690556519898858e-02
-6.331313209049751339e-03 6.538991361062629348e-02 3.173892445913188975e-01
-3.331907796860197890e-03 1.662808273058759001e-01 -1.887725700893072567e-01
3.125344186801705566e-03 -1.612733833750296109e-02 -5.549880314653399260e-02
-2.017404490891274577e-02 5.811003907348913367e-02 2.579342513519189417e-01
1.057452552613905548e-04 1.247400833096012629e-01 -2.164310732134405169e-01
1.382547372563686094e-03 -2.406158001939856517e-02 -9.946981259251447272e-02
-8.205927777084422864e-03 3.162809677808797737e-02 2.997232139142522733e-01
-3.257797281034108955e-03 1.981482018278383217e-01 -2.686426059353759221e-01
6.132490567330816864e-03 -1.195252075043357065e-02 -8.522760863044082091e-02
-2.040015007733950864e-02 5.488235585902276337e-02 2.739035432327968644e-01
-1.964700406196171530e-03 1.658463963146581677e-01 -2.299550863006306345e-01
9.776865740993866127e-03 -7.715010096979932341e-02 -1.031814837767644211e-01
-4.798644698457590896e-02 3.947564881190942371e-02 2.782199888216347894e-01
9.223454713739500516e-03 2.212167736087987668e-01 -2.011336496927821349e-01
1.471100437952926887e-04 -3.904320589388590723e-02 -5.392404188725614944e-02
8.006117424252945369e-03 7.105751744518082336e-02 2.223802712165853235e-01
-5.135000049317424084e-03 2.077306236049515364e-01 -1.459187936709957778e-01
1.662891428568032820e-02 -5.217586633849721767e-02 -5.359080954243350403e-02
-5.096485990277799943e-02 9.266619254392244320e-02 1.847888797219646717e-01
3.684168329419081067e-02 1.824170576059236382e-01 -1.672710779140885728e-01
-7.686454405193780121e-03 -7.506885047632927410e-02 -1.456267397641686223e-01
3.143716420974604353e-02 -3.345717021065164332e-02 1.814579670130959943e-01
-3.882926405645890228e-03 2.649326958024779133e-01 -2.007557706149462051e-01
6.056429954832444340e-03 -6.623548593379888216e-02 -1.271126831073127184e-01
2.144501754360844670e-03 3.201707189388594554e-02 1.790577481168504903e-01
-8.057556404434082151e-03 1.898669509571082326e-01 -1.964742430735639533e-01
1.012870999725642290e-02 6.288794721369811436e-02 -1.089181506825994405e-01
-4.346860289595765037e-02 -1.870907167250956404e-01 -2.122754058818109302e-01
1.015710298958190788e-01 -1.103748203595442123e-02 2.421167687527863710e-01
2.341166907072944614e-02 3.188898367043585536e-03 -7.237255896613598027e-02
1.534527815524999034e-04 -2.008465956998035651e-01 -1.031799479033498890e-01
-7.632637004427142435e-02 5.026015036921024914e-02 1.827628846568866150e-01
-3.510712133149432312e-02 1.276660852888744646e-03 -8.402366697321406175e-02
4.149562166586544948e-02 -1.318464518572037281e-01 -1.001252663878283156e-01
4.444742835579928997e-02 1.325429560906474236e-01 1.270199029006148506e-02
-2.923570472454534164e-03 2.441103003902307667e-02 -1.295126340491186967e-01
-9.866385512802974822e-02 -1.706368904978314283e-01 -1.354776716152408800e-01
1.272992354319523178e-01 7.884873402752207161e-02 2.409037476472961070e-02
-1.515428431515933316e-02 4.043490643962924236e-02 -7.970834471961277257e-02
-7.546942594019342976e-02 -7.327847961009416322e-02 -9.820287972011920719e-02
2.834928741145342768e-02 5.017469667783497345e-02 3.595954399965554937e-02
9.608842972610486324e-04 8.997626434670752404e-03 -1.143751610421816500e-01
2.523179565002638819e-03 -1.343046927477506980e-01 -2.560616058909386261e-01
2.911744732802202390e-02 -3.445572496892052028e-02 3.401922067836882779e-01
6.787646774396272412e-03 -2.207635852426464984e-02 -6.451290752426858122e-02
1.213402176749465641e-02 -2.375171827415837322e-01 -2.190745701605492091e-01
-1.072201693605966816e-02 1.207586907851984637e-02 3.895546995520278166e-01
-1.332204494895264379e-02 -5.376247822945909305e-02 -7.742991882318708829e-02
-8.651318993323792866e-03 -2.592606162234544764e-01 -2.323075820903417466e-01
7.290337433738919293e-02 1.215487730975567393e-02 3.226892437664035107e-01
-9.345973526744558169e-03 -4.960959769566650190e-02 -1.491988443844433077e-01
5.356782535507975673e-03 -2.608725473945757711e-01 -2.548423017308342198e-01
6.050356110789950614e-02 6.901578435383168286e-02 2.760820220135031811e-01
-3.112316604233304404e-03 -4.309591468806250880e-02 -1.187017228310029981e-01
6.156977865166769065e-03 -2.347229770373401303e-01 -2.071639634386627793e-01
1.576663428749913720e-02 5.291330663918956956e-02 2.999263279009977134e-01
-7.147690029039341190e-04 -1.013449208409974989e-02 -4.161724124104848599e-02
1.247864027450953928e-02 -4.306815173832768961e-02 -1.987746823229231685e-01
3.320040547517792186e-03 -3.267999042358865625e-02 2.659881639676307530e-01
-2.769709587000498963e-03 -3.195471289698992301e-03 -4.660880924126194896e-03
1.187550533663269542e-02 -6.821320171025330170e-02 -1.772819262187053102e-01
1.874983895772427793e-03 -1.931979089227785218e-02 3.175713872349382183e-01
-1.260985409771684176e-02 -2.015122772844740728e-03 -3.837542296552655385e-02
1.364781616963662778e-02 -9.367664993933438877e-02 -2.296183135904872885e-01
1.778900373606275703e-02 -1.440354502537408155e-02 3.042128666904624357e-01
-1.107478924966113359e-02 6.666838076476055974e-03 -8.566509757828619231e-02
1.733438162688610146e-02 -1.390363772816936572e-01 -2.857324046264800854e-01
1.541162759802072041e-02 -1.160280434556362761e-03 3.206898975059138124e-01
-4.506086852938222947e-03 -1.258054918962077384e-02 -7.119741548180988366e-02
1.434552581561274187e-02 -1.475098810099440549e-01 -2.468990958553281545e-01
6.713402534746611833e-03 -8.518603956445464087e-03 3.287798702449804544e-01
-1.156118739412595638e-03 -1.511558652148607684e-02 -1.038796823811154180e-02
9.803014229396812829e-03 5.698643186451968212e-04 -1.094202403992272088e-01
5.479501485499027602e-03 -3.068807633917981781e-02 1.568921513571615578e-01
-3.120814390157396374e-03 -1.229876781267681685e-02 2.171250806287561980e-02
1.121040073144467450e-02 -4.521344830761116207e-03 -7.808641983768271899e-02
4.142328339035755008e-03 -1.598152679379238883e-02 1.808810599947313635e-01
-6.112961362492168316e-03 1.116245834761164790e-03 -4.376029523749245392e-03
9.348130262360900000e-03 -1.716699750151998161e-02 -1.338005848102296891e-01
9.287535860029144663e-03 -1.784407576476057522e-02 1.747332246011453760e-01
-6.218428737480925089e-03 1.372643014880095547e-02 -4.150223595840500657e-02
9.829895596033449978e-03 -3.837751812282863551e-02 -1.937124693658274222e-01
1.067957554510238008e-02 -2.559820769876022806e-02 1.820088966565954758e-01
-5.046221978168037928e-03 1.743862683901267752e-03 -2.315775456791773629e-02
1.316140323534517945e-02 -5.051617907768640725e-02 -1.538154831129773803e-01
7.724025507731633461e-03 -2.023117847963437632e-02 1.999005518844407248e-01
-1.548773862211923202e-03 4.043722532546450976e-03 -4.545132002806259904e-03
8.428538818890201484e-03 1.328956292673101613e-02 -4.420741672862049665e-02
7.421887073856370948e-03 -3.113284584986944492e-02 8.054006117665674092e-02
-2.965637070254437818e-03 4.206488044711090279e-03 2.670583994824834995e-02
8.919675640835487279e-03 5.271378588365837128e-03 -1.582247637401421048e-02
6.116476022677851815e-03 -1.585538548807083337e-02 1.005802229818316129e-01
-3.946160109228966789e-03 1.252836024568346196e-02 2.419260763422714268e-03
8.188779993511316815e-03 7.170660164821391486e-04 -6.142992578527831093e-02
7.841006737968257007e-03 -1.803683945057004551e-02 7.967758656806783746e-02
-4.046911206654841067e-03 1.965030049764981968e-02 -3.271445874162202949e-02
7.950458595461458444e-03 -5.702419066789053692e-03 -1.065725932218025973e-01
9.312692834050825819e-03 -2.426953380010477002e-02 6.390245542782785337e-02
-4.630121020285382812e-03 1.377934106618951271e-02 -1.679390827776527928e-02
1.025359758689999706e-02 -1.684857510097611394e-02 -7.072583360459369639e-02
9.020247844708699156e-03 -1.519450303723730855e-02 8.923826491856401422e-02
-1.579116976204033608e-03 2.064766055096352304e-02 -5.247492585439690951e-03
8.151856812003113045e-03 1.313424483525663100e-02 -1.017743754002473772e-02
7.993003368999641867e-03 -3.642321511754539887e-02 4.045304594406425036e-02
-2.982396460483619990e-03 2.030821931414469178e-02 2.692515009333083797e-02
8.152605091429884765e-03 2.437113775333257099e-03 1.482157452573119871e-02
7.350325716057716161e-03 -2.304953791108782513e-02 6.199738088740963660e-02
-3.542089071001841560e-03 2.419504758474599199e-02 2.788249920616620720e-03
7.954843220564142975e-03 3.499118965198388942e-04 -2.480968437374836411e-02
7.846772043116571199e-03 -2.314145517343867142e-02 3.135819832926016459e-02
-3.530651705581509987e-03 2.732689720293248609e-02 -3.368361649554668658e-02
7.959574579336695446e-03 -1.464970184061463454e-03 -6.209782384409304190e-02
8.729285209607258456e-03 -2.538759984079259208e-02 3.830727954261986187e-03
-4.457039753749419096e-03 2.497001037640465826e-02 -1.911131916758165156e-02
9.623821186235705094e-03 -1.182062714694880057e-02 -2.851874700483647551e-02
9.614126474884677337e-03 -1.549861817344790060e-02 3.350417786553938626e-02
-1.569915033179388776e-03 2.728703890502386098e-02 -6.310195884496965467e-03
8.166716814389863785e-03 1.247106290567581016e-02 5.004093963900897724e-03
8.171281958700635228e-03 -4.002501032218870602e-02 2.273136614965234892e-02
-2.965942445184840438e-03 2.708537952294600565e-02 2.676916383969893398e-02
7.970363167538189325e-03 8.896095254186803247e-04 2.842401087035867357e-02
7.772713858054298292e-03 -2.754405575275769430e-02 4.504371712626101254e-02
-3.477258293666527292e-03 2.860788925603859750e-02 2.779067581664832268e-03
7.957942792774085061e-03 -6.505582692925612059e-04 -9.010939517054474684e-03
7.954773954585870471e-03 -2.677996297295477668e-02 1.044836285452423186e-02
-3.406284508865195515e-03 2.980342367503895085e-02 -3.475482411209004918e-02
8.162357722670043891e-03 -1.258371730734191354e-03 -4.333271813920117066e-02
8.483960729630585576e-03 -2.743243222523723823e-02 -2.107833968945538317e-02
-4.366332211048704233e-03 2.898647728891961400e-02 -2.104490720151819955e-02
9.607910615902791329e-03 -1.133258738192633071e-02 -1.053326305925193079e-02
9.707288323937142416e-03 -1.747387575792888614e-02 1.048495743642887876e-02
-1.547084882549723192e-03 2.692180834081955160e-02 -6.838243176377091677e-03
8.190262951595542185e-03 1.333841098280352799e-02 1.215244052998951801e-02
8.197321347024191102e-03 -4.036251455530892596e-02 1.486984810027239257e-02
-2.944082181865273484e-03 2.682800641495309418e-02 2.677208036864391072e-02
7.912636701888188864e-03 1.487150784207004472e-03 3.494686859285855984e-02
7.893328333477828487e-03 -2.821862412635225276e-02 3.741385917122611038e-02
-3.443670510584031022e-03 2.728264117586824689e-02 2.954028349019133075e-03
7.965911736385104802e-03 1.425587409371303210e-04 -1.701039107884846566e-03
7.972923557350642884e-03 -2.706765053055443931e-02 1.305602949940790417e-03
-3.357748636581660458e-03 2.765283497851683467e-02 -3.505861440809403262e-02
8.280981917538555309e-03 -1.015672685831803257e-04 -3.502136491357633191e-02
8.342155766986001156e-03 -2.718972078375968271e-02 -3.143091760584530020e-02
-4.320048488386869952e-03 2.746457014696168653e-02 -2.184677587506531071e-02
9.646315186102476236e-03 -1.010342828752484358e-02 -2.462000381370425470e-03
9.675523916268424091e-03 -1.724521545807652240e-02 9.332842809627755511e-04
-1.523425340257569642e-03 2.512249576893277672e-02 -6.904599544205395137e-03
8.173552634492712438e-03 1.393173947890744696e-02 1.833526086890163720e-02
8.162590409324488316e-03 -3.936942293321636643e-02 9.226446238449776543e-03
-2.924669175100006943e-03 2.508173524576407312e-02 2.697380074169090924e-02
7.828769902000310560e-03 1.956110812979743041e-03 4.101897627371173249e-02
7.927234090281402162e-03 -2.737784551516140447e-02 3.188074857545945828e-02
-3.419896615548931665e-03 2.491676895037418793e-02 3.268270478911248535e-03
7.945745062298545380e-03 7.994143664323619114e-04 4.950352983500683549e-03
7.951657511650752144e-03 -2.601000090579737994e-02 -5.034072252717932197e-03
-3.324991668253909904e-03 2.486222176829363043e-02 -3.496307169436828344e-02
8.360481121447885938e-03 7.258978116028436123e-04 -2.792324688912385666e-02
8.216471416031609701e-03 -2.590145073291787170e-02 -3.826982095085960933e-02
-4.287913149501751224e-03 2.504921280305713940e-02 -2.194008370756578286e-02
9.652904417510738133e-03 -9.290185147164595897e-03 4.307918080338810247e-03
9.611536371373605864e-03 -1.598540392232766782e-02 -5.424950059539850045e-03
-1.465298954462132888e-03 2.666735117763303214e-02 -6.498633602534139957e-03
8.052234276828303464e-03 1.252085100074018520e-02 3.009067948854780850e-02
8.070847443301210761e-03 -3.924506085818228740e-02 -4.076943509121119802e-04
-2.883472371967183388e-03 2.654586363085227607e-02 2.766921382222613246e-02
7.544508299143090624e-03 5.354090318159046569e-04 5.322246173179714934e-02
7.988019153394927685e-03 -2.733234578639022472e-02 2.234855131320512972e-02
-3.365562711460406975e-03 2.563352661611606464e-02 3.942369965918589292e-03
7.833806756809107152e-03 -3.130767802877847117e-04 1.845590277190937989e-02
7.893742070991765017e-03 -2.567517585117475021e-02 -1.569931775459375983e-02
-3.245983832167610023e-03 2.515185580100855189e-02 -3.447929533889175502e-02
8.426521038429725732e-03 -1.324820086222519566e-04 -1.393792672827831591e-02
7.995178595743376859e-03 -2.533624056952273745e-02 -4.955963374266869614e-02
-4.219527400304489903e-03 2.592733211742291599e-02 -2.149557441058086438e-02
9.552626336296939774e-03 -1.033578988586037264e-02 1.723010141623082525e-02
9.506670359488284677e-03 -1.551626139819240260e-02 -1.586257094008024920e-02
-1.289599216333259246e-03 3.282846661895724716e-02 -5.727475883297990407e-03
7.663172823296779054e-03 1.021586865289332569e-02 5.669013326290725518e-02
7.955933895463430938e-03 -3.946620378343319857e-02 -2.219272119831501577e-02
-2.746339513969102940e-03 3.202749413209887708e-02 2.908771877551549756e-02
6.588696072375515092e-03 -1.188388184134529096e-03 8.243710350884353444e-02
8.356577505824906715e-03 -2.721960522613869199e-02 1.093444283845138856e-04
-3.185753538079987186e-03 2.975687573786323786e-02 5.018682744659933546e-03
7.462229210776154253e-03 -1.129633959977893731e-03 5.081779246715477372e-02
7.839931297447155084e-03 -2.460493768423558519e-02 -4.056780149515455680e-02
-2.963193691462601836e-03 2.870708379132484028e-02 -3.379723043349971978e-02
8.317524910064181751e-03 -6.441503899002366806e-04 1.901730201707549361e-02
7.575001955392030722e-03 -2.387405707470029517e-02 -7.543674383992726717e-02
-3.989016818031156444e-03 3.094296063263485275e-02 -2.074730586595435744e-02
9.059982589224659794e-03 -1.161897891178651290e-02 4.671324815172080147e-02
9.401974905201539168e-03 -1.469104149382152377e-02 -3.934232866630418823e-02
-1.052294877385978600e-03 3.728041998327312478e-02 -6.482208372085697043e-03
6.805486380539908092e-03 1.591996233273815231e-02 1.124265189433502343e-01
8.255976265192289942e-03 -3.056096843789191803e-02 -6.759503326121442390e-02
-2.880354801687198298e-03 3.445420715654996802e-02 2.916139815442880118e-02
4.912315517996999892e-03 7.003106763601579798e-03 1.465249434204051182e-01
9.946459866072222128e-03 -1.540748851600030889e-02 -4.864222803813966767e-02
-3.320612526634663525e-03 3.057379431674341758e-02 3.876163700035612121e-03
7.304583658390850429e-03 8.801713317548240378e-03 1.213862399304404815e-01
7.904592082966080402e-03 -8.729110292059430454e-03 -9.464073836180528221e-02
-2.222500807009608094e-03 2.911868232680844826e-02 -3.585706035916948198e-02
7.573052202218537310e-03 9.253378246863924739e-03 8.939343512943266623e-02
7.106394424907125362e-03 -8.069172309477901095e-03 -1.298878441802336914e-01
-3.440495047383265725e-03 3.423086141521103354e-02 -2.198242756792061908e-02
7.989702868741354463e-03 -3.220160512665631858e-03 1.086636049310928942e-01
9.620756394199247302e-03 -2.058775378198880734e-03 -8.800279598371565926e-02
-7.182239360113817223e-04 1.715077021295741133e-02 -1.794080361137780077e-02
6.643743450622734137e-03 3.892301326734454170e-02 2.098231825106074977e-01
9.152563316976086716e-03 1.359750100899929925e-02 -1.445986973683693333e-01
-3.507326987558503570e-03 1.166583099495635545e-02 1.611391665749299304e-02
6.845965525952849712e-03 2.946537230184598233e-02 2.607363589255782266e-01
1.064884278069409135e-02 4.292729156953872804e-02 -1.348667479004376224e-01
-3.334048805967355401e-03 9.706601948460638618e-03 -1.341786625877768035e-02
5.815596924999319461e-03 2.917950543489972182e-02 2.397471897397266960e-01
8.409830312118659126e-03 5.835349021560064242e-02 -1.833523623532448132e-01
-8.983073258869702857e-04 8.740438714402887221e-03 -5.481402959141713771e-02
6.091568708548688801e-03 2.915951868235003297e-02 2.042544726971072255e-01
7.645758831605547340e-03 5.861524373346407857e-02 -2.189545435072601243e-01
-3.083335838661461874e-03 1.614302689799540502e-02 -3.630517922716695878e-02
8.983320540042090407e-03 2.206650574470787884e-02 2.142797900869045924e-01
1.030855496383672326e-02 5.394870659240652566e-02 -1.688604027928663764e-01
3.546816866459947572e-04 -1.860775752068125066e-02 -6.363113531010175516e-02
1.302889962045029534e-02 7.390099586614104488e-02 2.989155067496812590e-01
5.623494302562651731e-03 1.280162339849827413e-01 -2.161049263210981786e-01
-6.602308950173644067e-03 -1.702591910960604693e-02 -3.943335475204480522e-02
3.263988953141042093e-02 4.718461868457130004e-02 3.471048893190153972e-01
-3.881149076937076906e-04 1.761244825850043494e-01 -2.005174089834152185e-01
-7.810437181912013166e-04 -6.083738323533122161e-03 -7.179708317313915344e-02
-7.364946420517472225e-03 4.114636586705483490e-02 3.100012477448019776e-01
1.295142460162013176e-02 1.982942268227498306e-01 -2.371511723522041759e-01
-9.350465443140332233e-04 -6.226749196425601651e-03 -1.138790753925978672e-01
2.286608420455159968e-02 3.869030905409778787e-02 2.741101782762858097e-01
1.728074069662306972e-03 1.935015068889891499e-01 -2.711307921609882321e-01
-2.929597733334869322e-03 -6.315046472752439133e-03 -8.747741127926170202e-02
1.376708145922169932e-02 5.061579938938301493e-02 2.881486200502121342e-01
4.336484712734029606e-03 1.829851568463107814e-01 -2.332028453646764476e-01
-3.117998120413838919e-03 -7.914523342858204025e-02 -1.055657697795645555e-01
1.084768172783268092e-02 6.278407077879348541e-02 2.639246648154400798e-01
3.473955001732420556e-03 2.039336225498379340e-01 -2.123329747965995162e-01
-2.047860134024975104e-02 -1.007894413732494110e-01 -7.062194516853137483e-02
7.677878469838600450e-02 2.698603317132064472e-03 2.824056649546979880e-01
-2.983451456311512345e-02 1.980843666235375111e-01 -1.629066716091325251e-01
-1.275562469721982541e-02 -8.171666998310717078e-02 -1.193119535942898102e-01
-4.841261783508266775e-02 1.390965461502197131e-02 1.694461145620895781e-01
4.685746906727650957e-02 1.946285367021310386e-01 -1.967933882695114267e-01
-2.822335770681230066e-02 -3.580003829343944566e-02 -1.549804026612274788e-01
7.423097123550867482e-02 4.394457104344853815e-02 1.045205637079815730e-01
-2.124663232364307208e-02 2.087027541303280165e-01 -2.183402118255491908e-01
-7.708229171089688025e-03 -5.211256839711697619e-02 -1.304885782708251063e-01
1.406085479880650815e-02 3.575224731672901196e-02 1.653365969701079408e-01
9.203714702022330885e-03 2.130792622685526438e-01 -1.986991815469956180e-01
4.655859155268236849e-02 5.215780065730546422e-02 -1.355460435797727348e-01
6.673226364227874408e-02 -2.062299393068626752e-01 -2.178885775359633015e-01
-6.335306054848026044e-03 3.057188095251463233e-02 1.847043475798932910e-01
7.051807245958102710e-02 4.533159128985289610e-02 -9.246137286395814114e-02
1.445618329240524469e-01 -2.569627922920417196e-01 -1.777867688254026746e-01
-1.949090475463957639e-01 2.183273059252850978e-01 1.744569405437211285e-01
-6.864570602994325699e-02 9.452837762953791856e-02 -1.365350757709875018e-01
9.790964409066332114e-03 -1.164738421187817841e-01 -2.204853446730350441e-01
2.161689561819451488e-01 1.298101689389922486e-01 1.622280165721233791e-01
-4.087989963561357298e-02 4.533606849896018587e-02 -9.070769296581809860e-02
9.298249275473417785e-02 7.479455966766981878e-03 -6.961821143664345679e-02
-1.999584280383007173e-02 5.301277855315567750e-02 -1.180162416364764627e-01
-4.278944769154971461e-02 2.968354507384868279e-02 -8.839021517917827753e-02
8.036315510234680326e-02 -8.962412284946054408e-02 -1.001488187657707529e-01
7.607428045439904030e-02 6.680179982366868385e-02 7.808847892104325839e-02
7.208452022816504504e-03 -2.991631572796138450e-03 -1.052891668679824810e-01
3.890740892717594462e-02 -1.543920533520425353e-01 -2.549712768185556921e-01
6.566312758851415229e-04 -4.571133128589907613e-02 3.296792857013030043e-01
2.002021005987698193e-02 -4.170458470147543617e-02 -3.674942399997979670e-02
6.685040032860628534e-02 -1.660501588068309664e-01 -1.950430561220637127e-01
-8.730037532118259391e-02 -5.583370824084443740e-02 3.407874113382854953e-01
-1.211888997573206880e-02 -2.968838994980102508e-02 -9.497075221990761151e-02
-3.009304866647799503e-03 -2.782427732205476900e-01 -1.978764227289228628e-01
1.093766504364236392e-01 1.024667424446181196e-01 3.338645846401998574e-01
1.065474352249198148e-02 -6.634607549609303212e-02 -1.356557424101720311e-01
3.081580533788881582e-02 -2.353656647876903873e-01 -1.855335088750550976e-01
-1.743971057803657410e-02 9.778514837162857742e-02 2.061503032795555246e-01
-7.638505203605646526e-03 -3.261066454506046652e-02 -1.257374198295254653e-01
3.405637839366729147e-02 -2.188465862847231436e-01 -2.176436962370212891e-01
4.499258031804670432e-02 3.960613541893881484e-02 3.088582721637707085e-01
6.964402769000732629e-03 -2.026758032084657879e-02 -3.661066954365321813e-02
2.573842907245332129e-02 -4.118945859814887589e-02 -1.905786230826808092e-01
1.651669117331344000e-02 -3.831649760715796771e-02 2.568082788286951690e-01
8.706617246635520863e-03 -1.663521301772954986e-02 -1.389077862131816304e-03
2.734221273230424964e-02 -3.282346632865468239e-02 -1.515262813336463732e-01
5.823547214228324415e-03 -1.873016311747049967e-02 2.619529860354486983e-01
-4.838356808515732049e-03 2.807723416909060909e-02 -4.067340211997931554e-02
2.022100442741378568e-02 -1.070524884316876313e-01 -2.510289590911066737e-01
4.537563771070748930e-02 4.626247293662344440e-03 3.755677378440445136e-01
-3.781512537044232763e-03 -1.079274001497308733e-02 -9.250287312469104850e-02
2.625445909293658286e-02 -1.768001410483349689e-01 -2.940562789414620237e-01
2.476149843540410150e-02 -2.311116352315956135e-04 3.435291842738388279e-01
-5.400841525678948263e-03 -1.164230674829587475e-02 -6.936821255404970743e-02
3.138756071529158476e-02 -1.347086044808156746e-01 -2.445455236991220527e-01
2.372691924760142457e-02 -9.070686682492445918e-03 3.206551213372762499e-01
6.268250623339483713e-03 -2.023973036725404406e-02 -7.914086641428424995e-03
2.280250654075248462e-02 4.434995455587939506e-03 -1.022912922233143174e-01
1.931104198366256908e-02 -3.000390827931201376e-02 1.491511188899837248e-01
4.529042715424999241e-03 -1.888349060868038665e-02 2.150811406469946979e-02
2.324558863278859688e-02 3.556391109987261379e-03 -6.845048911797368962e-02
1.973064101721752617e-02 -1.006935330496969150e-02 1.616550138495854161e-01
1.286904479531447709e-03 1.305195206443932054e-02 -8.273781381479689001e-04
2.034784411795553458e-02 -1.380141252357429404e-02 -1.389076013681720401e-01
2.322523136954005030e-02 -1.551973483175098090e-02 1.952114920630879935e-01
-6.507537477397941361e-04 1.271036455322664682e-02 -3.717558916867393093e-02
2.063497438764134301e-02 -4.523990681503259337e-02 -1.967724103877566688e-01
2.583628465057921653e-02 -2.966695492025892000e-02 1.948917624288187822e-01
-1.523892046824073913e-03 -2.756683673598214757e-03 -2.047289172602170804e-02
2.526694778133437014e-02 -4.849249795270291208e-02 -1.482131598881100132e-01
2.387905727283483326e-02 -1.908024733995034028e-02 1.930444510502435929e-01
6.948342457860683108e-03 1.682917934301822460e-03 -2.447964063633571025e-03
2.267584583714839230e-02 1.509508951571926494e-02 -4.074976505710069252e-02
2.195195521654262627e-02 -3.037322736955040681e-02 7.730175683889534133e-02
4.760124666562799006e-03 1.739660139943643991e-03 2.738790518609558744e-02
2.304067905004342220e-02 6.873909638504873201e-03 -1.314705842177684575e-02
2.239430326969261281e-02 -1.461998362215036901e-02 9.609210569178677774e-02
2.087359415708176652e-03 1.319560160175493879e-02 4.965229048937233429e-03
2.167081568583409390e-02 2.292191541669277854e-03 -5.957920488655386176e-02
2.395671060104564293e-02 -1.773742820956145105e-02 8.243372107748009325e-02
8.294704570496929177e-04 1.824236263765472571e-02 -2.846501952231229871e-02
2.232312416648480485e-02 -5.724973522239280854e-03 -1.035340446291944660e-01
2.648048487047880567e-02 -2.527653628442209921e-02 6.657765409707117055e-02
-2.053417446339625071e-04 1.115067906840661732e-02 -1.427189485712868078e-02
2.473623556500820220e-02 -1.650514622532940623e-02 -6.686653295581707068e-02
2.627110737097741039e-02 -1.390918245301377143e-02 8.666186671894393623e-02
7.850528225500339602e-03 1.962857578404537257e-02 -3.107370783380666683e-03
2.313417860359530398e-02 1.408457619525725624e-02 -8.452327192387629196e-03
2.318553402056151846e-02 -3.656884584737471466e-02 3.970757222109685958e-02
5.532198747198131816e-03 1.939328959834336202e-02 2.804515349598801777e-02
2.348054195105726827e-02 3.090234659031073500e-03 1.592244456472691541e-02
2.364140135867709436e-02 -2.305531698876678304e-02 6.099233110925933454e-02
2.848298502439488428e-03 2.342662488408950305e-02 4.990499681644427338e-03
2.295185362448510374e-02 9.753647647950929728e-04 -2.258695044368336236e-02
2.427407211817224353e-02 -2.309551279521003531e-02 3.173627559517681884e-02
1.613085723547794809e-03 2.629258181501639008e-02 -2.980724339558710190e-02
2.412245750455901949e-02 -1.115322196815472962e-03 -5.883807406527907791e-02
2.618822415244043827e-02 -2.515597440151516595e-02 4.801717314840475356e-03
7.025189198555754563e-04 2.383053685051993859e-02 -1.658767905533117121e-02
2.566628389785897274e-02 -1.195493673431841791e-02 -2.598488974749195435e-02
2.684681543078845656e-02 -1.465082043711303517e-02 3.324446732551303296e-02
8.394186285047459256e-03 2.691534964342162661e-02 -4.106698539693161461e-03
2.344670752541580527e-02 1.310945729718202696e-02 6.092586521992966742e-03
2.356400112391047325e-02 -4.045715649459755148e-02 2.295694587318639762e-02
6.052603676494471702e-03 2.673898565676562089e-02 2.803149789077974408e-02
2.378116283182298007e-02 1.281961265010438805e-03 2.901593149284710516e-02
2.394169825237088545e-02 -2.780572330807871972e-02 4.495773607906289326e-02
3.365125837770911732e-03 2.816525178879442093e-02 4.982903241588129174e-03
2.361220303309657237e-02 -3.683010555127295277e-04 -7.308118882110333295e-03
2.416732530811641771e-02 -2.681283156265978906e-02 1.115605472328386541e-02
2.074455923009813768e-03 2.931017587548398473e-02 -3.085913430066072882e-02
2.500751122954470579e-02 -1.223432320015956434e-03 -4.073572220839646874e-02
2.581280387698183659e-02 -2.719986205848684904e-02 -1.959078911771141088e-02
1.204525589105963357e-03 2.852691882872657181e-02 -1.839957524894590690e-02
2.627130927993666376e-02 -1.173329087822086447e-02 -8.718295214251506331e-03
2.680703445998615375e-02 -1.682784444216633979e-02 1.125609813345333776e-02
8.592286749818350833e-03 2.687627515135179029e-02 -4.590287316876809701e-03
2.359118333587326144e-02 1.385960732266307976e-02 1.289255659833138737e-02
2.361993402267373310e-02 -4.092583494649634779e-02 1.552745369069472720e-02
6.247201803255535840e-03 2.681246516950767933e-02 2.806281665216601995e-02
2.392959824449894524e-02 1.748198705392507712e-03 3.527826528862641753e-02
2.396226282371439337e-02 -2.857851695246397400e-02 3.768073016004513942e-02
3.554832875503285278e-03 2.723330677880988343e-02 5.187667633158636604e-03
2.391034027026131548e-02 2.511528504103525267e-04 -4.446708399235329429e-04
2.400503272514434294e-02 -2.724067200275226419e-02 2.477080907712562660e-03
2.244510843295993707e-03 2.759647905143879087e-02 -3.114109887920814279e-02
2.539804804938679272e-02 -2.712604012002906018e-04 -3.290675292995090540e-02
2.554156691495904075e-02 -2.708869609178989057e-02 -2.942034561988811359e-02
1.385669699676276082e-03 2.740987624017018551e-02 -1.916910898690850351e-02
2.655799722168923627e-02 -1.067745397358429299e-02 -1.048341700312935623e-03
2.666207921361866962e-02 -1.673846184440305057e-02 2.229665725826281922e-03
8.555939056993266262e-03 2.536844727150354070e-02 -4.647458606095597466e-03
2.360953680080597750e-02 1.432779647227863662e-02 1.870402597011376622e-02
2.353749833695246985e-02 -4.006172603512375696e-02 1.021994811225246380e-02
6.206381738761111710e-03 2.535475207735644887e-02 2.825203850267944683e-02
2.396395521981707633e-02 2.129454960275667386e-03 4.097085087622406863e-02
2.386260398266067811e-02 -2.781336224288776665e-02 3.246120000869381905e-02
3.519929532131760297e-03 2.530111685006310521e-02 5.468723892520976383e-03
2.407008190416192947e-02 7.300720860810641644e-04 5.600558347384095720e-03
2.378514162558241496e-02 -2.632900020058923096e-02 -3.346972673473751301e-03
2.220956404458157563e-03 2.525442771467532529e-02 -3.106262442710580607e-02
2.562009249818853959e-02 3.704861457147455572e-04 -2.646804330028632024e-02
2.526335614466569679e-02 -2.596122470029169071e-02 -3.571351672719981496e-02
1.360209626766435004e-03 2.534419483833583175e-02 -1.928888006011046652e-02
2.670108642819765676e-02 -1.003753493510060185e-02 5.219076993653747401e-03
2.646587003832288898e-02 -1.562095724803864299e-02 -3.676209011318657544e-03
8.279706180208561139e-03 2.741382979648158968e-02 -4.280256444946600042e-03
2.343613942217122326e-02 1.265185004515313044e-02 2.970313318055788077e-02
2.331551670002681570e-02 -4.018332671838512060e-02 1.226458988227635723e-03
5.931332563459248974e-03 2.742383987042704141e-02 2.888958634707804868e-02
2.382379596711357850e-02 4.808062259181733467e-04 5.226969964631697496e-02
2.361621164488397068e-02 -2.799631652770431106e-02 2.357331843692585249e-02
3.271518226413316216e-03 2.693265899044163664e-02 6.040900944860574419e-03
2.415588611270259173e-02 -7.411918321167526580e-04 1.762591074236329047e-02
2.332502385052360322e-02 -2.632898378159520894e-02 -1.290048934872945786e-02
2.029987973697053999e-03 2.648900397129794193e-02 -3.068923012650552617e-02
2.581227875872859484e-02 -9.727471441242502292e-04 -1.416893627660512772e-02
2.473266907419365696e-02 -2.582942510552333620e-02 -4.576846726118360964e-02
1.141683766887290757e-03 2.688600982171971548e-02 -1.890293394681724637e-02
2.674314870723545207e-02 -1.149630983273331256e-02 1.695354821756105829e-02
2.609359434804389699e-02 -1.554299036975120493e-02 -1.323295337177956763e-02
7.730649099100230653e-03 3.455275232864987722e-02 -3.453578984939285196e-03
2.270649101675058928e-02 9.728725666634727154e-03 5.458948149348472056e-02
2.293834369991541722e-02 -4.108631793922743608e-02 -1.904355362065783541e-02
5.456199502545250324e-03 3.435107350029065199e-02 3.015827466013983049e-02
2.308503236447345675e-02 -1.884814047560363914e-03 7.885724556029172216e-02
2.316380513172411337e-02 -2.856374934839087110e-02 3.089939266471516607e-03
2.895590715070102059e-03 3.321463666581895430e-02 7.061594085550723654e-03
2.384999554760987295e-02 -2.689665982953858003e-03 4.596091152850784178e-02
2.236596495727641298e-02 -2.635268610324300459e-02 -3.474161428275791136e-02
1.770543439266612090e-03 3.237252342764757040e-02 -3.023236564857656461e-02
2.576707911577331284e-02 -3.121714992578097231e-03 1.376691688177911904e-02
2.361957329271310163e-02 -2.587638534323506712e-02 -6.813501390208928643e-02
7.272616867002694441e-04 3.321844377951050503e-02 -1.824258931742040596e-02
2.638074141935982386e-02 -1.400591263687101309e-02 4.335447404053774378e-02
2.544827903029808075e-02 -1.597959774584618853e-02 -3.429814609664366687e-02
7.262767380266602762e-03 4.096915119293463581e-02 -3.633490759130882791e-03
2.121415933007381877e-02 1.418619828437098218e-02 1.061312023752556399e-01
2.265744455333720125e-02 -3.402045456147316516e-02 -6.075454156954539220e-02
5.277414204019299088e-03 4.023522319330503916e-02 3.048840184904612338e-02
2.120691544709895487e-02 4.653462296750343619e-03 1.356845394109248426e-01
2.288688614526894483e-02 -1.914167135977393186e-02 -4.072483025074900842e-02
2.901271669630615252e-03 3.867336560698775294e-02 6.696916198863409921e-03
2.269327783765061335e-02 4.354582683726175574e-03 1.054627155881290440e-01
2.104984684875726292e-02 -1.527314546368319093e-02 -8.037668448087115225e-02
2.044822289016879832e-03 3.759453152489609928e-02 -3.204987346226449707e-02
2.487313689430714625e-02 1.879068646949109966e-03 6.904594179718662184e-02
2.179297217042909518e-02 -1.681643800011546619e-02 -1.127541659757643200e-01
3.843073250583009873e-04 3.867042378465838925e-02 -1.879122652607266575e-02
2.538892062329894950e-02 -8.366730418475160080e-03 9.814670789351412350e-02
2.476832856757217594e-02 -7.677831338316690180e-03 -7.684882019048655533e-02
8.359753795629736722e-03 2.486166653169108454e-02 -1.252174087693027141e-02
1.850920475741861873e-02 3.845476970095895730e-02 1.959187149407961293e-01
2.411810884600799204e-02 7.603663308065750082e-03 -1.324092102541865046e-01
5.713807311715442955e-03 2.465604453062489321e-02 2.107902054866023916e-02
1.812096747366574029e-02 2.946501684829000434e-02 2.338067188364228444e-01
2.519583100138328424e-02 3.132354378405563522e-02 -1.163599090773109190e-01
3.459322326843358719e-03 2.505949059236180221e-02 -3.804510886194205355e-03
2.010406641483984680e-02 2.834422190277763320e-02 2.042589683911802401e-01
2.150192007724666815e-02 3.785597872968890498e-02 -1.545879341339186919e-01
3.805014867033409270e-03 2.092522413965114403e-02 -4.414755628278869970e-02
2.121698279931810011e-02 2.058023455312676941e-02 1.546865223502543740e-01
2.166544490846355336e-02 2.381597501999518918e-02 -1.817618142358824462e-01
7.078966986705861886e-04 2.189654666282836448e-02 -2.810104169836846744e-02
2.554955707075762250e-02 1.715322749098585620e-02 1.951038326456488170e-01
2.521659350626581642e-02 3.928560500215572127e-02 -1.491015885844115818e-01
1.029892324876528070e-02 -1.238222967622004678e-02 -5.382346434177223693e-02
4.898843930533669164e-03 7.963728125146007919e-02 2.835778901870005253e-01
3.391530322824394539e-02 1.176876488685764666e-01 -2.066663022903483526e-01
6.693805763156895905e-03 -2.271374461369657372e-03 -2.637924193164675746e-02
1.166871028557640855e-02 6.576805790196688095e-02 3.051490561815255464e-01
3.236087165711423741e-02 1.496732675402528967e-01 -1.834905506957901222e-01
5.382573315284751303e-03 2.695420996820491188e-03 -5.121902343837306248e-02
7.798359705620884139e-03 6.439833456913623966e-02 2.700109537384794423e-01
3.015860485907711705e-02 1.569901063790712370e-01 -2.123232001132367985e-01
3.720929937566665353e-03 -2.515739934868427286e-02 -8.283796095118750591e-02
1.601816698376213113e-02 4.639979297720411844e-02 2.121930855817746875e-01
3.213816331426516681e-02 1.010709577102330559e-01 -2.364434608544709326e-01
3.481877035443617201e-03 -1.225450249104251266e-02 -6.808678901842507569e-02
1.606121580619322350e-02 5.127563011884964106e-02 2.824317872956381703e-01
3.004156619242022083e-02 1.602667871095776464e-01 -2.137665452523459797e-01
1.279829416473298592e-02 -7.700815032573365970e-02 -9.597450354908029779e-02
-1.175954360330669704e-02 7.095907831111897268e-02 2.503879683005795220e-01
6.046191161278322013e-02 1.974011446017319704e-01 -2.049148128037444616e-01
1.223337706802676839e-03 -3.881915445412134624e-02 -4.929737264091427207e-02
1.510321168402611880e-02 8.347364814354499285e-02 2.296998596803577763e-01
3.758364381111450880e-02 2.156126880720170558e-01 -1.460406329978336526e-01
9.304414090868077386e-03 -3.598158762440822889e-02 -7.106799885776984849e-02
-5.770978802224641102e-02 6.836163344334750258e-02 1.808068164571874914e-01
4.993108490743805583e-02 2.391912561405930282e-01 -1.852904811481967673e-01
-8.602538138746604335e-03 -8.213362608506358242e-02 -9.910298152090149526e-02
4.971907394150167775e-02 9.066667802761368966e-02 1.117332666997051804e-01
1.942145005112919792e-02 1.219843901527604413e-01 -2.175195877910276743e-01
8.676283247051747027e-04 -8.059312036492119469e-02 -1.156513779411439957e-01
-1.182995889679190615e-02 5.550727926033165172e-03 2.258932057218112632e-01
6.701546101414485035e-02 2.374966737003122441e-01 -1.982527880991933333e-01
