1.083073987584448616e-05 -9.322616872322890547e-02 -1.680275224252671725e-04
-9.885872227721748118e-06 -9.507973646494932707e-02 -2.292800830211335879e-04
4.982312148404943741e-06 -9.109920510047334052e-02 -2.306687089285530765e-04
4.233604449443983953e-05 -8.722535484818348672e-02 -1.232901094154414089e-04
-1.356925341964299037e-04 -8.589275453438197094e-02 -5.641815290010883475e-05
4.286438793832392236e-05 -8.650767034558051738e-02 6.171862436602514360e-05
-5.675322817766392802e-05 -8.666957371873482141e-02 1.722230812901980371e-04
1.863309126948209382e-05 -8.765245487242895317e-02 1.895452621063438740e-04
7.240102689198835151e-05 -8.933957918115537078e-02 2.207587493495068599e-04
-6.403779238384199601e-05 -9.403222384237891474e-02 1.909223067764066317e-04
-1.787274246511927345e-05 -9.268615628671111883e-02 4.988886558096068810e-05
-5.509180859830653532e-05 -9.171689469796766303e-02 -6.502991429509956747e-05
5.746013749370962320e-05 -9.541865750691425063e-02 -2.638313586548895554e-05
1.671559666221811638e-04 -9.382317605159871954e-02 -9.780806648917378182e-05
1.329135435356003370e-04 -8.992376336734227149e-02 2.246727725281800776e-06
1.104569818589241220e-04 -8.951559443853816800e-02 -3.509646393969132193e-05
1.491314957020161563e-04 -8.947074444522139236e-02 -3.593389670451414548e-07
1.238565786885305678e-04 -8.938460335955207559e-02 5.941784778098211842e-05
9.931198772048475953e-05 -8.884686640834389693e-02 -2.715725021440397631e-05
1.849597600830383409e-04 -9.340538657591418437e-02 7.305631649892620173e-05
4.063169834266251723e-05 -9.330268509276623545e-02 9.261188761476432045e-05
1.197925616341233984e-04 -9.862773302619318172e-02 7.498196730012314428e-06
1.162481482878258143e-05 -9.445676367512720328e-02 -2.415063872262178076e-06
1.318988258837945973e-04 -9.917401672955818148e-02 -3.034721330754937778e-05
4.942267514564894354e-05 -9.564026992133534133e-02 -3.512594058835268810e-05
-2.481892374481351610e-05 -9.275364758415054200e-02 -2.942928864299504995e-05
1.792887892991829740e-04 -9.186718982840123837e-02 -1.352729324626174843e-04
1.750631523115251959e-05 -8.873233079954007119e-02 -4.804677791832099437e-05
2.333734893457980845e-04 -8.505289014031662542e-02 -6.198011209147618293e-05
-1.238926854579716456e-06 -8.846169349418239736e-02 2.503639292170824042e-05
1.746781338736592797e-04 -8.693529546094498628e-02 1.266584466590370739e-04
-4.284683185647316598e-05 -8.737716872678671920e-02 4.400212208296955068e-05
1.114476875993422426e-04 -9.261724682635391614e-02 7.767194753082351955e-05
-7.930794560566866921e-05 -9.171510428094058198e-02 6.145074825206987205e-05
8.285624885962655783e-06 -9.651881937605678863e-02 -9.648063242245526335e-06
-8.205469957897615352e-05 -8.890290699250279205e-02 1.061842661461003147e-05
-2.511429194372733755e-04 -9.727205239446604090e-02 6.210409104446343190e-05
-2.494817557205554351e-04 -9.390643162592278437e-02 7.029333277515511461e-05
-1.071218224436471010e-04 -9.184150349318229156e-02 1.006674970444771679e-04
-2.570386291728109251e-04 -9.003601842486493034e-02 7.699220210467030414e-06
-7.945597898792369079e-05 -9.061773257916762303e-02 -6.997621740458100038e-05
-2.459653353473823033e-04 -8.919130574226916131e-02 -1.021506067567195776e-04
-2.063937651922118132e-04 -8.998493558612452592e-02 -1.441104755648124928e-04
-2.221721474846698489e-04 -8.894643983716009339e-02 -7.798159041823460476e-05
-2.977215371068718140e-04 -9.351720625169396284e-02 3.351347164441287210e-05
-1.188489370134286242e-04 -9.062869938111695056e-02 3.465026366798846597e-05
-1.763428948684187458e-04 -9.271322401724389761e-02 5.249289030250643923e-05
-1.512222236807788788e-04 -9.290624627490663701e-02 5.919628638643605062e-05
-5.970205729289101786e-05 -9.268953020028479484e-02 -1.039718297839917872e-04
3.215835619005402712e-06 -9.555448991015327853e-02 -1.230450910564694512e-04
-1.050145266054459844e-04 -9.316241602283122092e-02 -1.354167397066213872e-04
5.563922800332622801e-05 -9.079487567969146689e-02 5.925145964023991896e-06
-1.847730541719433807e-04 -8.818396888468735262e-02 -3.593323971655116412e-05
6.811284551609493782e-05 -9.050342912172106014e-02 -9.093307049599920705e-06
-1.553024393959573206e-04 -8.833541851188041194e-02 7.568515501681469693e-05
2.002543750692555719e-06 -8.807497920228725408e-02 3.478594037768850602e-05
-6.190072663391985031e-05 -8.841497844250321980e-02 1.332117314653054221e-04
3.041682424920701578e-05 -9.041886786300605550e-02 1.351030417352168151e-04
-4.580827238016618448e-05 -9.011376006433756414e-02 6.376275687150281270e-05
5.199979628977939583e-05 -8.818367739023996732e-02 -1.316513299344019465e-05
1.439025192904244688e-04 -8.966185927226119623e-02 -1.059565074527517347e-04
1.637121676046314478e-05 -8.779194360190042956e-02 -8.802486016298827730e-05
6.999057975849362623e-05 -8.794919571391487945e-02 2.876799260348512802e-05
1.158936716431219205e-05 -8.233591594972120009e-02 -1.259821313381355315e-05
5.568038767722952032e-05 -8.728785357945488543e-02 -3.932927061562196817e-05
2.306966753093386835e-05 -8.251713301927594835e-02 1.431691627064651741e-05
1.181808727042949619e-04 -8.385400282777398517e-02 2.162494947037740012e-05
9.499663651208085924e-05 -8.419015396607101853e-02 1.166626610988504156e-04
2.079558066807058597e-04 -8.351989705542188502e-02 1.376142044665104147e-04
1.512283844160543234e-04 -8.456112668530141319e-02 7.101415281276520332e-05
1.448667239053510331e-04 -8.256581583804005475e-02 5.040456008422421197e-07
1.037637435258916691e-04 -8.643485137933079598e-02 -1.293483773409055335e-04
7.092917805269494114e-06 -1.340029313650866784e-02 1.239785912299728142e-05
8.607678646140037859e-07 -1.447109707322375045e-02 1.604676428854036243e-05
5.518333200924679938e-06 -1.337163398800624188e-02 9.766624868256992137e-06
-4.106073432175519344e-07 -1.426191556199480834e-02 1.159736049504691766e-06
3.959556940825482985e-06 -1.311228092493197522e-02 -5.993339513575709175e-06
2.665361704340743487e-07 -1.407291370451758082e-02 -5.177764923488788543e-06
7.192519618327147812e-06 -1.306904904093902746e-02 1.317178665452469616e-06
2.337952556333115772e-06 -1.419858284694770767e-02 -2.875644316524615229e-06
6.142303936111301321e-06 -1.328647704405357642e-02 -7.526097415159376317e-06
-1.125193906568143498e-06 -1.443065810198859884e-02 -1.390422999637293397e-05
6.297851817722854850e-06 -1.338557842153311438e-02 -8.740279986668968853e-06
-4.689231786974591698e-06 -1.442930436485362171e-02 1.639464692084239509e-06
-1.439147562546597842e-06 -1.354246139963887104e-02 1.430781004994850238e-05
8.391652348944348555e-07 -1.450191303982902892e-02 1.020243798241782511e-05
-9.813818902218614249e-07 -1.334417900462246155e-02 1.389754667596070428e-06
1.868371061014301865e-06 -1.423895624878554998e-02 -6.235126073466835278e-06
2.064710567118571705e-06 -1.315164465094587759e-02 -3.567882097929030746e-06
-4.324826624537043973e-08 -1.418974422271066828e-02 1.070757948853909487e-06
-1.564251106491842264e-06 -1.326377556525346231e-02 -2.566162157303659552e-06
2.425705307434328217e-07 -1.440123972984154802e-02 -8.327373805723072898e-06
-4.927701296730813141e-07 -1.348564687544396602e-02 -1.168007956275484566e-05
1.101185122538922770e-06 -1.449172685951806080e-02 -9.556607422888058288e-06
3.344666974931190945e-06 -1.348706376586685830e-02 1.387024957590212793e-06
-2.645979590806162365e-07 -1.451703877515111117e-02 1.231638553025888986e-05
6.953770065720038529e-07 -1.341227918481714167e-02 1.134065968596881160e-05
-2.734263047437596400e-06 -1.443722969161499899e-02 1.425295602722716619e-05
4.009214233364035221e-07 -1.341699506923273166e-02 9.298122278415615026e-06
-3.780330972094939849e-06 -1.425560249930588226e-02 4.152090542334802709e-07
-7.612896034851291197e-07 -1.317054678801834848e-02 -6.328591673115064800e-06
-9.449400029737820440e-06 -1.407188928669707989e-02 -3.650965331075426576e-06
-4.559479224752228943e-08 -1.311304601698376135e-02 1.399596866509001129e-06
-4.630349826966183866e-06 -1.417012912072667351e-02 -1.679576898674036453e-06
1.107191545277985516e-06 -1.330448599830480298e-02 -8.334112295181117443e-06
-4.019277642695770437e-06 -1.437641462465975850e-02 -1.195803988000313862e-05
1.372877442547954224e-06 -1.338784469134871556e-02 -9.242956882807792804e-06
-8.740018955584742850e-06 -1.437174417945302068e-02 5.184120902855716582e-07
-1.085735598223015177e-05 -1.333288307024140668e-02 1.549693599986245451e-05
-6.885313996351618955e-06 -1.426141401177073199e-02 9.514137219083844096e-06
-1.092938519937543815e-05 -1.315456784525514435e-02 3.096299505032518981e-07
-4.820451558845391063e-06 -1.403073242744279879e-02 -5.889091164573869694e-06
-6.942374463521089610e-06 -1.297708218531672293e-02 -3.124712679829957461e-06
-7.923349052478227678e-06 -1.397769032311914524e-02 1.832125642792801083e-06
-9.843238823477677409e-06 -1.307466248284777990e-02 3.795924641544550990e-07
-6.543343406243537014e-06 -1.416187644598589958e-02 -7.358216554450118213e-06
-9.621611647115627542e-06 -1.327816523593169755e-02 -1.119922087526205917e-05
-6.808423766921951243e-06 -1.424439494094480521e-02 -9.938960821934959323e-06
-5.438350669356241710e-06 -1.326933726116103808e-02 1.003618417677480044e-08
-7.032708520249497802e-06 -1.426172649984635762e-02 1.124385569725827363e-05
-3.005013208516404307e-06 -1.328059118257451932e-02 1.197056933709568957e-05
6.127758283014372864e-06 -1.431976844074118495e-02 1.462457605950282099e-05
-3.855627861418784245e-06 -1.325631000194348215e-02 9.192143248065027373e-06
5.088756268811778227e-06 -1.412904772446444898e-02 1.587811465732943375e-06
-5.833230597366221720e-06 -1.301182177653560819e-02 -6.425674378950506669e-06
2.978984781076832178e-07 -1.395366205925151551e-02 -3.753682303308622406e-06
-3.306715322979992057e-06 -1.297078635999178615e-02 1.972354439406012073e-06
5.137094652996054833e-06 -1.406436621400152485e-02 -7.185390129152636118e-07
-3.787200772567043426e-06 -1.317638162204014252e-02 -7.083114959030992669e-06
3.922707064507591213e-06 -1.427974801391050999e-02 -1.249835017691527093e-05
-3.807779248800675145e-06 -1.326598208343430889e-02 -1.002551743012150507e-05
-5.180424045292397750e-08 -1.427940792512786758e-02 1.020132934075504536e-06
4.961973647216177952e-06 -1.329400109883405526e-02 1.518361669479765218e-05
1.035098462719326318e-05 -1.428379249197072633e-02 1.236951880299050691e-05
4.597731207428221167e-06 -1.308988418277597446e-02 1.300504315158296231e-06
1.104326210219115645e-05 -1.403087330115512441e-02 -6.892729776844085804e-06
8.644281727129832227e-06 -1.291155126579582660e-02 -3.256812862311082336e-06
8.121444674814154441e-06 -1.399130028222605494e-02 2.147029530174399126e-06
4.696264208190262246e-06 -1.303966581222765903e-02 -3.925661212701887781e-07
9.204389309493132831e-06 -1.420400768959693798e-02 -8.033407021003336444e-06
6.123674157445385680e-06 -1.326739241436947214e-02 -1.171757354696866330e-05
9.531310775620638331e-06 -1.430313242399295325e-02 -9.652588806124376593e-06
1.079275200167872928e-05 -1.326511162538884098e-02 1.053174668522042015e-06
9.130017365433298893e-06 -1.431211879020488631e-02 1.212789275552240888e-05
1.797858571063892796e-02 -1.616250826841058447e-02 -8.042578564430075475e-03
-2.545188056423897116e-02 -5.924333274997833909e-03 9.583277613823482782e-03
5.002728584206361795e-03 -2.738095449339777304e-02 -8.411464024550625862e-03
-1.873592125610823445e-02 -2.538303171447228723e-02 3.309811998161476393e-03
1.512839661924503254e-02 1.366294596939987040e-02 2.175566677745130288e-03
-1.448774378076667091e-02 -7.985215647009602513e-03 -3.204342730372892589e-03
7.184885370688842698e-03 -5.552357220373047020e-03 3.807615109117834865e-03
-2.300053939974033845e-02 -1.338553528861285979e-02 -7.591819666695296710e-03
1.025666220430077047e-02 -4.756946229109872137e-02 9.271190357519073708e-03
-1.670311144802560932e-02 1.257468005414637269e-02 -6.129202745897502011e-03
1.493115383102305849e-02 -2.219222360211232578e-02 3.127567311300851784e-03
-7.515759212747719076e-03 -3.218622486598245180e-03 8.166465697559445458e-04
-3.828639218879254132e-03 -5.083206918289399218e-03 2.834998574983721691e-03
3.045080232880448268e-02 -6.348041805788399994e-02 -2.068685344085049148e-04
1.601407082097521493e-03 -8.154141246387855424e-02 4.603129486441277958e-03
2.602716611379835704e-02 -2.607726931876694007e-02 -2.666762576428956689e-03
-8.485627180260402885e-04 -1.038745168390243084e-01 -5.303735649101309554e-03
2.172813113643980512e-02 -2.684838018671377100e-02 9.881213638757086956e-03
-4.708995107418306562e-03 -1.783678244938929902e-02 -4.578332325487247459e-03
2.295001488242246618e-02 -9.635109762975824221e-02 6.880955061377143182e-03
-6.131552045440117130e-03 3.187250041766618788e-03 3.948688328454750054e-03
1.496724746770026170e-02 -6.165742558104002347e-02 3.087420730887319859e-04
-1.555739034067151264e-02 7.188104995676045800e-04 -4.592682230524667772e-04
1.806435057402236422e-02 -7.439934891746384504e-02 -8.659012284922999042e-03
-7.368894826449472191e-03 -2.180411141059660982e-02 -8.542796252948119118e-03
-9.935347972911290348e-03 1.284678554188786390e-02 7.679174070325407372e-03
-1.361615660162976416e-02 -4.817323874759189828e-02 -2.090856823556533177e-03
-8.820468492768639840e-03 -5.148178823271483406e-02 5.392596149866758261e-03
-6.082845188201791743e-03 -1.118593516499234199e-02 -2.790382894363071988e-03
-6.259482687941080210e-03 -6.715440997902751008e-02 -5.529625529252266830e-03
-5.323928020329845787e-03 -2.192645251171749382e-02 9.814770652986835181e-03
-8.106240768334830454e-03 6.930030635492754124e-03 -6.569241749708981497e-03
-1.246801747809524186e-02 -5.252880242569112068e-02 7.873182299897448291e-03
-1.335355023228649435e-02 2.883341918235152873e-02 -2.498916194025710327e-04
-5.291459306546724729e-03 -1.288724406172335815e-02 1.454972626231298060e-03
2.217222404285386882e-03 1.371010180469174264e-02 4.430121129724990704e-03
2.038948049108120844e-02 -6.995643304402851190e-04 1.676845410296733813e-02
-9.811440053090399530e-03 -2.005217552880631318e-02 -6.658962062372867328e-03
1.745317167095370922e-02 -3.575607211242978062e-02 6.474521945343752506e-03
-1.323194886510705229e-02 2.323507155476346037e-02 9.591689984067575938e-04
1.263045390498811898e-02 -2.995741898519653154e-02 -5.101791087209817978e-03
-1.109111589906307954e-02 1.353379052553461623e-03 6.901526684376714862e-03
1.895719754999295598e-02 -3.080772159752609863e-03 -1.108765894021370747e-02
-1.203729870237425087e-02 -1.797675446601823893e-02 9.898625276873731713e-03
1.787190618314163718e-02 1.809042841504895568e-02 -9.992410475586330915e-03
-1.693982939092252352e-02 1.972604531138207398e-02 2.512197492245148590e-03
2.937487269268511912e-03 -7.121551516251258158e-03 5.833752773757170523e-03
-1.843898246297233021e-02 1.772057603679699778e-02 -7.270966441149323903e-03
2.834876639567332750e-03 -5.429503709083121493e-02 -4.498266647930931894e-03
1.315995840765236784e-02 -3.756682546344268514e-02 1.158962803137590994e-02
-1.359720897191045962e-02 -3.239766226463014487e-02 1.794299230798393485e-03
1.100205797240648431e-02 -8.508595635260371437e-02 7.613801439746117027e-03
-5.720270601508580313e-03 2.034096708926054139e-02 -3.165687069885286288e-04
1.289262020538380592e-02 -9.086657890436132534e-02 -5.295021326074149035e-03
-5.968289099103190817e-03 6.980338243702029037e-03 5.705922255623157614e-04
1.576862631735670428e-02 -4.758614763600457764e-02 -1.773232774718301596e-02
-6.891181018858903717e-03 -8.211029526566952785e-02 2.483677259245491067e-03
2.259134010998075162e-02 -3.837311039048328654e-02 -6.176285433164153960e-03
9.087525218261387205e-03 -5.126062592103092924e-02 -3.034791667368965436e-03
3.202702342044092682e-02 -3.301074808939105654e-02 2.683265868256484721e-03
-2.704517574494520130e-03 -3.779038849159732649e-02 1.027764474146859557e-02
-4.137825968028533558e-04 -2.640229875820150618e-02 -2.937743247401983487e-03
-1.097622087139559638e-02 -6.813420991487421918e-02 6.987264282364662876e-03
-1.426844650775074483e-02 3.748645911285571064e-02 -9.046200029372106644e-04
-1.176342293927360241e-02 -6.247188847108531978e-02 -4.470336690199617179e-03
-6.021544732082375825e-03 1.161582612320393414e-02 3.070362743660286654e-03
-7.223368179084716650e-03 -4.664607385427489705e-02 -1.686899485226087472e-02
-1.488000209319458424e-03 -6.860849056826962000e-02 1.052443417003995916e-03
-8.268475515850555804e-03 -3.760136221911917348e-02 -5.710515310543315230e-03
-8.894770580058539156e-03 -3.937658143077206463e-02 -1.295208657663734836e-03
-1.700652720363570944e-02 -3.340502722571388888e-02 2.498403689618641441e-03
-7.872988562713402819e-03 -3.061897298167136350e-02 -2.118194618249838804e-03
2.197460315045418611e-06 3.692965906378117141e-02 1.130744498606221782e-06
2.592922570987532538e-06 3.593607289890862755e-02 -1.505246308765762105e-06
8.405240246034395568e-07 3.698225335300066308e-02 -1.988359386679997357e-06
1.435229925794700989e-06 3.599644168945848738e-02 -2.202815954477924327e-06
5.138618992539534247e-07 3.701402717472945803e-02 -2.112134011738686732e-06
5.267185027024723354e-07 3.601618706538151082e-02 -2.277046706947437891e-07
1.132139947124244372e-06 3.701442538460680831e-02 3.887880658583355411e-08
2.402262465173166106e-06 3.599167729408732364e-02 3.872424741596284343e-07
2.007852558882916583e-06 3.698993413004532382e-02 2.937408258626594446e-06
2.810615006398897719e-06 3.594131697830597882e-02 1.635984777432011612e-06
2.986930925708008999e-06 3.693621811406793548e-02 1.568793406133838116e-06
3.596920598925024137e-06 3.590282173228776658e-02 1.442689215942500464e-06
1.900700348012214491e-06 3.693730866028644561e-02 -1.483116916511451402e-06
1.322230752633796191e-06 3.594601476035662324e-02 -3.181179602310829375e-06
8.335850361831237398e-07 3.699697610315310498e-02 -3.164661194441753100e-06
6.420411688256438820e-07 3.598123896558073215e-02 -2.115060337332992256e-06
1.353407466164920081e-06 3.701571590781215643e-02 -1.248465249401862532e-06
1.366679095120455767e-06 3.597905964871708773e-02 9.798333669799726912e-07
2.291589961070199244e-06 3.699376056516667788e-02 3.138077158153350246e-06
8.789714057893041610e-07 3.594615468823290916e-02 3.620244130554777222e-06
2.835949648245100763e-06 3.694016180219415052e-02 2.421689460114755522e-06
2.150673591754664882e-06 3.588453389847585939e-02 1.804462932093129626e-06
1.624736169828638888e-06 3.689845516475555309e-02 -8.053870137478074363e-08
2.001019982508442374e-06 3.588442961361373168e-02 -4.287744192339433894e-07
-8.872453672334554980e-07 3.685315291762399775e-02 -3.236929754570111217e-07
-5.462349221389568160e-07 3.587388126168707114e-02 -1.379890580556460243e-06
3.557230889982433003e-07 3.691645359748797067e-02 -2.576062844564278202e-06
-3.547624922366036937e-08 3.594362773063641131e-02 -3.111867033454917642e-06
1.375322472996296647e-06 3.696682738835740945e-02 -2.820582528753549184e-06
-2.046002357700095128e-07 3.596345106818626958e-02 -4.631270323757519404e-07
1.129302831808561697e-06 3.696182704957852450e-02 9.227799320737387973e-07
-1.562755436379991911e-06 3.593893225464071112e-02 2.106826561114270666e-06
8.593120902069487782e-07 3.691954326272445935e-02 2.359623060810184087e-06
-2.320515647811658907e-06 3.588142937901714347e-02 3.244810362517833532e-06
3.511302050238432337e-07 3.685539284212507871e-02 1.393624697819528728e-06
-1.487409518533553202e-06 3.584224300944009733e-02 1.963549633846399230e-08
-2.240690536152434558e-06 3.692924280896940636e-02 -9.490889750076769488e-07
-1.475834824482406046e-06 3.596221939170572007e-02 -1.592635813249359728e-06
-5.176518446493383677e-07 3.697781225377979458e-02 -2.835475728304822003e-06
-2.000125226210390647e-06 3.598038027649798354e-02 -2.624292292576638436e-06
-6.759738003549176089e-07 3.699106359251050358e-02 -7.165673312799929046e-07
-2.716374016732467215e-06 3.598747907445783156e-02 8.012712912312929331e-08
-1.371882686520403943e-06 3.698632915289794959e-02 1.847923256682669802e-06
-1.521071744949080646e-06 3.598557148784660431e-02 2.695721660464152549e-06
-1.538520139341358582e-06 3.694557211137433628e-02 2.450783919780302958e-06
-3.528153539127224002e-06 3.593173433972231962e-02 2.120027716077737493e-06
-2.328447600446624695e-06 3.690692019210684710e-02 1.535388506616494898e-06
-2.594929950572625547e-06 3.592321708533765395e-02 6.585303439309436125e-07
-3.087469739921714258e-06 3.696280811598173788e-02 1.437823860272586392e-06
-7.830626509424537529e-07 3.596348666634099217e-02 -8.574349045560754595e-07
-1.627703291996938162e-06 3.700191047840171304e-02 -7.534854060621784294e-07
-1.523479508597561094e-06 3.600232504194397082e-02 -2.927194411910406108e-06
-1.800376281492517883e-06 3.701917601516171302e-02 -1.997817060064695749e-06
-1.983055212156567548e-06 3.601283739293841685e-02 -1.919808379022241212e-06
-1.398114546323101820e-06 3.702781108365753998e-02 -1.635942448230309856e-08
-1.485858575667881043e-06 3.601077316312931154e-02 1.470068051791489561e-06
-2.398029405012655095e-06 3.701947578811374401e-02 1.425460270768531873e-06
-6.417646036902674433e-07 3.598033025370359073e-02 7.995771477958672248e-07
-4.023684233009790845e-06 3.697269714292244353e-02 2.641702786368987238e-06
-2.506201196563959122e-06 3.594429515564029343e-02 8.394983257203252145e-07
-1.731248513601665873e-06 3.695062038892629047e-02 2.550183060686869729e-08
3.240712575808962770e-07 3.596125211116935755e-02 -1.693365582489233991e-06
-9.240387108672143412e-07 3.698388394649426009e-02 -2.516079795203743624e-06
-7.619812891299787561e-07 3.597704648995793397e-02 -2.070597334468765810e-06
-7.396545564329615186e-07 3.699318117338712408e-02 -1.402722749999738981e-06
-8.341771249829876833e-07 3.598686226164805879e-02 -4.220449103653812237e-09
4.948691151775846953e-07 3.700164343515902066e-02 1.005333212573345718e-06
5.808844418496439399e-07 3.597904770479431330e-02 2.395332696956471068e-06
-4.661227760265063136e-07 3.697056024557630882e-02 1.581081175827409729e-06
2.265015710420370532e-06 3.593232553434562437e-02 1.805531696568731491e-06
-1.588983334632754207e-07 3.693034274899528735e-02 1.000930183446459981e-06
2.471676309963311002e-06 3.592107065684076866e-02 4.821755290355337481e-07
-3.591978470863199657e-02 -4.069145953932657989e-01 -2.104279146560372737e-02
-2.289679289546828894e-02 9.065008936735541312e-02 -2.209097576954111020e-01
-2.526820296759450454e-02 1.546811669582357496e-01 2.971225696132737681e-01
-3.033658925077475921e-02 -3.953771013537723533e-01 -5.352903050047430611e-03
-3.571636929049637477e-02 4.626637396289234871e-02 -2.323457130850590246e-01
-2.320182998573344646e-02 1.659143972140739720e-01 2.493278841579376071e-01
-3.816258178120834899e-02 -3.926312243659539902e-01 -3.792636855386355421e-02
-3.902207020091541523e-02 4.578122930914751976e-02 -2.783528676162942972e-01
-1.880016044862947711e-02 1.825154049190071959e-01 2.106703343831082265e-01
-4.970449031886146202e-02 -3.743247864375272016e-01 -1.015446674798017312e-01
-3.711127307139309994e-02 3.286764142695952629e-02 -3.329001233538999571e-01
-1.857959865441634328e-02 1.798728759095276075e-01 1.872627892893192758e-01
-5.083804589647777927e-02 -3.418900618199058883e-01 -1.489101373986123633e-01
-2.544128824380070819e-02 -1.991687158016164361e-02 -2.869596614959135650e-01
-2.220222093806201169e-02 1.732495486189513656e-01 1.780653348123566460e-01
-1.955213757814489028e-02 -2.296769643705368624e-01 2.457104505018570251e-02
-2.414022718004660284e-02 1.507289732702021823e-01 -8.213688103703375987e-03
-1.648102466271267330e-02 1.503831886660238482e-01 2.177875891336347181e-01
-1.188208397126100380e-02 -2.185894289727504658e-01 8.219820039465020045e-02
-1.982313763331722267e-02 1.293798094305618207e-01 -3.937712608228505218e-02
-1.604154766690812917e-02 1.660116784267140488e-01 2.416815074026423815e-01
-1.523379030930716027e-02 -2.151718299584555183e-01 3.455914363596335193e-02
-1.701079188196125136e-02 1.278661893584001064e-01 -1.065313223213300020e-01
-1.510184805411923792e-02 1.670813587643751319e-01 1.764335204450775407e-01
-2.655876721039285293e-02 -2.183530370525715303e-01 -3.871882091399925230e-02
-2.206039277456839365e-02 1.336551789149567071e-01 -1.577425986290865723e-01
-8.169257612113955958e-04 1.670137977945262975e-01 1.032407139574473831e-01
-3.374396750703057002e-02 -2.280474573613029410e-01 -4.852057346207416799e-03
-2.547482390856070644e-02 1.264277058215723670e-01 -1.757973970699824307e-01
6.771477650511448232e-03 1.583755561625022068e-01 1.041721966731516957e-01
-1.758718099057288153e-02 -1.199469928641453409e-01 1.125158469820242146e-02
-2.244691628766587455e-02 7.876345782662141914e-02 3.927686412425934748e-02
-2.099054249355314372e-02 7.224442229420358075e-02 1.246956923341855372e-01
-1.166478284026351009e-02 -1.166313019836039133e-01 5.913970101558341241e-02
-1.948166969107428814e-02 6.407270486694649492e-02 2.213982079668674885e-02
-1.961741622975354815e-02 9.336406648022865795e-02 1.126545581316040767e-01
-1.362373290988161401e-02 -1.153387704366592992e-01 1.393062459719196511e-02
-1.766530714429043192e-02 6.111226160469129809e-02 -4.524280415841630543e-02
-1.941469812412766061e-02 9.575721881178633765e-02 4.746205259545188682e-02
-2.027172246391262256e-02 -1.155545437708135337e-01 -5.290578938427792366e-02
-1.879230705693157866e-02 5.905382543855353106e-02 -1.008222231170883276e-01
-1.902338642194767449e-02 9.393921518348857802e-02 -7.898662969382463928e-03
-2.692524219683956055e-02 -1.167666891712331734e-01 -2.814893556993602886e-02
-2.044285792349986863e-02 6.136244496421117134e-02 -1.111716869386123463e-01
-1.968262531180675623e-02 8.883572236386605425e-02 -1.479402117084394064e-02
-1.741178333525239541e-02 -1.266357143796953064e-02 9.052121715448890882e-03
-2.314766493900466404e-02 2.029887142189501503e-02 6.343830624532920126e-02
-2.238656669187855108e-02 -3.876489776304836710e-03 9.724219440584569440e-02
-1.246747274919035586e-02 -1.319269739179206036e-02 5.685690337902293834e-02
-2.023127570368693506e-02 2.318426730959721738e-03 4.641090489186439072e-02
-1.945552915304454844e-02 1.594978827124915455e-02 7.964696045126284929e-02
-1.501518459922257520e-02 -1.217972700658226728e-02 1.374416724922511435e-02
-1.843630431082071697e-02 -7.328863760855952592e-04 -2.056084000299662762e-02
-1.844575650653146326e-02 1.817839784915520340e-02 1.495812296731369173e-02
-2.015446733407433300e-02 -1.090084355820545095e-02 -5.302522486744898345e-02
-1.974964000360723837e-02 -1.205732760255706637e-03 -7.540236030284575008e-02
-1.983082987010431619e-02 1.688018796929036114e-02 -3.748449154603239464e-02
-2.616924095543160522e-02 -1.129698464392526677e-02 -3.058471427203457438e-02
-2.181176819036567682e-02 2.313040206895600193e-03 -8.493670836224875842e-02
-2.146153471641520927e-02 1.335677308731497703e-02 -4.678587152707791574e-02
-1.775419166692826511e-02 4.249510406994735923e-02 8.123729537370394382e-03
-2.341230701408775206e-02 -1.671681000432911901e-03 7.372608630669486018e-02
-2.340156345332827792e-02 -4.005614058222306539e-02 8.606354659971593435e-02
-1.319001347465931229e-02 4.212717969526963424e-02 5.616884531866084274e-02
-2.037464749228012906e-02 -2.036561501964317955e-02 5.590693316364880872e-02
-2.029079309398568176e-02 -2.084948183429968793e-02 6.809549821097871103e-02
-1.577120705209500429e-02 4.267332745531723232e-02 1.392118866741398620e-02
-1.881102428232295232e-02 -2.297389464801913306e-02 -1.046710175699061551e-02
-1.897779187996062600e-02 -1.822785658761905125e-02 2.563029300915786735e-03
-2.056428114574404553e-02 4.333258616396859497e-02 -5.288286356039684222e-02
-2.018657167479087633e-02 -2.289289004594685650e-02 -6.426157830829204443e-02
-2.043310704326106730e-02 -1.877639831359001477e-02 -5.047857176032177762e-02
-2.630832445721020818e-02 4.315623102806801642e-02 -3.151801694616374050e-02
-2.218124616533656557e-02 -1.948865566325430621e-02 -7.353935263731603555e-02
-2.226367989657140889e-02 -2.224937917444513857e-02 -5.999263904523477464e-02
-1.790766819921119080e-02 5.753292438008821008e-02 7.841387123066922982e-03
-2.359080416810338532e-02 -6.469842465059549852e-03 7.773676901122517080e-02
-2.363733183705540863e-02 -5.098474637419325717e-02 8.121832600909684174e-02
-1.339488234661123656e-02 5.741317079258947270e-02 5.594955709993953974e-02
-2.051417082611989295e-02 -2.530611785316860818e-02 5.966195438380772487e-02
-2.054934993169599267e-02 -3.196096608925103055e-02 6.309899922145056905e-02
-1.599777054432427459e-02 5.770371439349870207e-02 1.408417863678401716e-02
-1.897339599133263111e-02 -2.785944774232884669e-02 -6.511376900247611843e-03
-1.906203118130200824e-02 -2.925172572756995493e-02 -2.809596959415294748e-03
-2.070760820749861786e-02 5.799707797592548730e-02 -5.268260614066910819e-02
-2.038535571809918512e-02 -2.766324649984586159e-02 -5.995612501402636241e-02
-2.049898455208643000e-02 -2.947947485010438129e-02 -5.605519459246988134e-02
-2.634937248694924072e-02 5.794424222554769854e-02 -3.183363211517331592e-02
-2.236681479554647467e-02 -2.425887819332661621e-02 -6.917103756778786305e-02
-2.245417816883699125e-02 -3.296196561246045320e-02 -6.541801945235281579e-02
-1.795124584469254270e-02 5.848163072129328871e-02 7.725206932025940887e-03
-2.363968112735087557e-02 -6.408392948765495589e-03 7.886054912374973469e-02
-2.365084022945501685e-02 -5.234164040711331012e-02 7.970196395922535260e-02
-1.345468644963077054e-02 5.847140240920989385e-02 5.585857714819653097e-02
-2.055727981905952628e-02 -2.528957711215973347e-02 6.071441667291477273e-02
-2.056663038076278482e-02 -3.341537540991801336e-02 6.154435496473009692e-02
-1.605632683870272803e-02 5.863974460881624107e-02 1.412217618056210711e-02
-1.902854235866824339e-02 -2.785190851984165050e-02 -5.405972555716509476e-03
-1.905072406202579227e-02 -3.066972163923953332e-02 -4.516210120869779132e-03
-2.074858548313640583e-02 5.876058387217558687e-02 -5.263698240490199964e-02
-2.045029476288617865e-02 -2.761286337847312922e-02 -5.875951412406799079e-02
-2.047859151699638058e-02 -3.078841031130608030e-02 -5.781933784973425361e-02
-2.636255836975864852e-02 5.871353361094133749e-02 -3.198127058110955545e-02
-2.242648531695679015e-02 -2.420243250799991586e-02 -6.795251205169705599e-02
-2.244577807490955035e-02 -3.423868340173363833e-02 -6.704407242192989003e-02
-1.796723409071843136e-02 5.756636326140456006e-02 7.724877982488109751e-03
-2.365025597119296830e-02 -6.047690475900147078e-03 7.918868945540236126e-02
-2.365270212586639831e-02 -5.187844651929118811e-02 7.927375220175658654e-02
-1.347466505379324442e-02 5.757886546127387317e-02 5.585213732131144582e-02
-2.056641782903634308e-02 -2.494784932012716894e-02 6.102493788284402143e-02
-2.056933438289837435e-02 -3.298113622301990233e-02 6.111600600636180047e-02
-1.607605261170585997e-02 5.768965963169499223e-02 1.413223396073348681e-02
-1.904226027200739413e-02 -2.750005438798286406e-02 -5.063056601728455064e-03
-1.904575017219212185e-02 -3.022008898375538877e-02 -4.983564732464529357e-03
-2.076406823931709056e-02 5.772181587417559573e-02 -5.261619871657430281e-02
-2.046691633382158315e-02 -2.722919251389832596e-02 -5.839426475426012786e-02
-2.047123260684569068e-02 -3.030296699129042537e-02 -5.830448466828563880e-02
-2.638769424373499373e-02 5.767802566113434948e-02 -3.199077907306246971e-02
-2.244130295128776709e-02 -2.383115500920141017e-02 -6.759120381213712392e-02
-2.244460365223888143e-02 -3.375081619969311220e-02 -6.750424350224371040e-02
-1.797232137096038684e-02 5.805518182826741730e-02 7.781083539535771365e-03
-2.364750570640544725e-02 -6.704696110140240251e-03 7.948429215921404278e-02
-2.364291677567453842e-02 -5.184905681808071876e-02 7.898285070469501790e-02
-1.348083198558192031e-02 5.815146900753360298e-02 5.586216334859805954e-02
-2.056160423965303075e-02 -2.566555441414930527e-02 6.134332636539685524e-02
-2.055933083152605700e-02 -3.300577976252583312e-02 6.084072875381529855e-02
-1.608313133441374720e-02 5.816769089022540140e-02 1.407226504925418453e-02
-1.904113922951145010e-02 -2.818414078786801724e-02 -4.678757051896909047e-03
-1.903238521476979805e-02 -3.022848657483301338e-02 -5.241933886903638040e-03
-2.077103956165560206e-02 5.806362686529657063e-02 -5.264360359299402603e-02
-2.046933040306775364e-02 -2.785929043996571153e-02 -5.797502244133045934e-02
-2.045513314961411311e-02 -3.026915808761643234e-02 -5.860124096760888079e-02
-2.639644370852056721e-02 5.806983703650604733e-02 -3.191615360951161051e-02
-2.243993276574884899e-02 -2.443201560923302651e-02 -6.724173515721787453e-02
-2.243091544925590597e-02 -3.371627781762231990e-02 -6.782829791499978001e-02
-1.795038757810107910e-02 6.436245125749033569e-02 8.000129223523444466e-03
-2.361598309389190131e-02 -1.123129598889693881e-02 8.034821258983271264e-02
-2.359967220373715424e-02 -5.404697543186021136e-02 7.812460095480222577e-02
-1.347397043526676885e-02 6.459856354957763114e-02 5.589194352610427075e-02
-2.052006625752822444e-02 -3.032897449372295995e-02 6.222496984043868196e-02
-2.052451717129299968e-02 -3.526582190300064923e-02 6.012489798184450507e-02
-1.607824233689991722e-02 6.448025301434050227e-02 1.387712798541684833e-02
-1.901510498942715621e-02 -3.283991950106202040e-02 -3.585000591325382402e-03
-1.898727004669076290e-02 -3.246164201814849548e-02 -5.929870385688928991e-03
-2.076965810671138613e-02 6.410783016697017833e-02 -5.275723427643796981e-02
-2.044772436498398793e-02 -3.235977627935149314e-02 -5.676159414364168043e-02
-2.040270786200015785e-02 -3.239892375535813329e-02 -5.939416046401824190e-02
-2.638756388373952877e-02 6.416673925884422425e-02 -3.172523534701454651e-02
-2.242006410765307045e-02 -2.884955886977191852e-02 -6.618940325900624089e-02
-2.238543053233532643e-02 -3.583320631600539485e-02 -6.872808314065448343e-02
-1.789845839865811250e-02 8.771728137347667431e-02 8.390318747926173160e-03
-2.339840122837300029e-02 -2.543112755197096675e-02 8.215604259813069632e-02
-2.350934262726822599e-02 -6.281287045664285529e-02 7.601543105668895350e-02
-1.341487467789537202e-02 8.811305009890135764e-02 5.573759868492267344e-02
-2.032621393893435657e-02 -4.490078474748315784e-02 6.395438555668331304e-02
-2.044471426556543348e-02 -4.436982934613364904e-02 5.839447784724072221e-02
-1.601458026976509963e-02 8.768577990322291849e-02 1.321588971002363166e-02
-1.887136065864436496e-02 -4.727807343312839805e-02 -1.350976434259187897e-03
-1.887085209239425243e-02 -4.148461606950260006e-02 -7.618598433798418057e-03
-2.074095615830295891e-02 8.673416268176310784e-02 -5.310159037265549387e-02
-2.033632821355257914e-02 -4.648219149776533499e-02 -5.409969806055947572e-02
-2.025303006699652464e-02 -4.123925313186127539e-02 -6.143542669234669518e-02
-2.637251362396320076e-02 8.682133626337003307e-02 -3.139212042744787823e-02
-2.224071483907674729e-02 -4.298587512177487469e-02 -6.370410053459529820e-02
-2.226723017901066637e-02 -4.463635522803333089e-02 -7.102462198846026808e-02
-1.788774215955191149e-02 1.427845078829906578e-01 9.503687929143467272e-03
-2.389347865342061894e-02 -5.077297084466536603e-02 8.704333649882034507e-02
-2.346960152227139940e-02 -8.144857978350117378e-02 7.115290947301478042e-02
-1.344024333464544085e-02 1.429006291859714617e-01 5.605957885668111373e-02
-2.078780481747127817e-02 -7.101822803962765107e-02 6.964631774340901416e-02
-2.032077645196789240e-02 -6.392928813651366227e-02 5.429502494763216447e-02
-1.609540803798681363e-02 1.417444905792155097e-01 1.255517245028414663e-02
-1.937644405776672851e-02 -7.299238580326239401e-02 5.678112723352946034e-03
-1.861278899003160348e-02 -6.098409907906443550e-02 -1.163029157236028510e-02
-2.082498809740163104e-02 1.397506020610693178e-01 -5.303082949122917000e-02
-2.087499752836452505e-02 -7.150395515270169255e-02 -4.601904459182470930e-02
-1.997861012555268712e-02 -6.017866553292350318e-02 -6.629008064468955297e-02
-2.639701598551691397e-02 1.396225462336176948e-01 -2.979415103162708078e-02
-2.294121918900859924e-02 -6.792039170552932603e-02 -5.539010537037558635e-02
-2.199351755779255235e-02 -6.344787794453399243e-02 -7.672183412821453885e-02
-1.815532942653441673e-02 2.353948873609917891e-01 1.274000650432860482e-02
-2.241682387139048993e-02 -6.202894183972329500e-02 9.830404589824315309e-02
-2.295694777032214473e-02 -9.123397354565465633e-02 5.641797352297484025e-02
-1.393710870690367809e-02 2.340508435377475771e-01 5.857156510404948335e-02
-1.976002294208251131e-02 -8.165896921719717483e-02 8.732264507986275959e-02
-1.992948226721774629e-02 -7.330700045703242296e-02 4.022709171255023364e-02
-1.660333184328033340e-02 2.301595651826571221e-01 1.464685051473502142e-02
-1.801957713902291314e-02 -8.089551866386557322e-02 2.992037060456631536e-02
-1.839868818641715587e-02 -6.795657883805716892e-02 -2.843159541436879323e-02
-2.146325119612968457e-02 2.251266529657778293e-01 -4.954355203419069653e-02
-1.931835336506504408e-02 -7.819448927660399562e-02 -1.660044713545527628e-02
-1.976713047469758067e-02 -6.505822293695828762e-02 -8.770102728431083960e-02
-2.664196879489200143e-02 2.266070363896873219e-01 -2.290127320655699350e-02
-2.235810274652638707e-02 -7.304605878499614846e-02 -2.181018938600143287e-02
-2.105944091547284902e-02 -6.532272682365558580e-02 -1.004791978548036369e-01
-2.147402897430805702e-02 3.442225933791144832e-01 2.815003102229951537e-02
-2.442567884747232076e-02 -8.080179442038648574e-03 1.341442638752692318e-01
-2.934857500154886001e-02 -2.025461600170963550e-02 2.850677453163363850e-03
-1.839629460702052466e-02 3.499016903174504423e-01 5.079806021278621131e-02
-2.526810336261531287e-02 -2.070628010654385065e-02 1.119588793701717933e-01
-2.526162742116755400e-02 -1.769845317286300457e-02 -1.057355578888152792e-02
-2.001151556539126908e-02 3.424660770638028318e-01 7.434968059920166183e-03
-2.535266979816347410e-02 -1.968307064335839129e-02 6.418238964377476208e-02
-2.434097825809788951e-02 -5.438207348992030177e-03 -8.372344188279967625e-02
-2.411254581438826428e-02 3.286346482305289030e-01 -5.546037577246210049e-02
-2.646760166682388116e-02 -1.902567407023258994e-02 2.887087494187401404e-02
-2.536778216521723417e-02 3.656857110313715964e-03 -1.534250894321367298e-01
-2.715673209199209737e-02 3.280148888927585382e-01 -5.678707461258625244e-02
-2.680493661555555240e-02 -1.293672939697998459e-02 2.457618294112506874e-02
-2.622965577774299950e-02 8.189215322271792274e-04 -1.645357775984335191e-01
2.262904251938710823e-03 -4.427333369555706000e-01 8.879281363595836751e-03
1.263881643243914416e-03 9.576118425057522643e-02 -2.192376824449109307e-01
-6.791981103427921496e-03 1.565777700392025906e-01 3.092441733501276602e-01
1.160014482724558427e-02 -4.109261640301493657e-01 -3.793842422886939403e-03
-4.826471089285550020e-03 6.577786436581245511e-02 -2.006099061762780522e-01
-7.665827268051025878e-03 1.503570410247414557e-01 2.549536265421794567e-01
1.235832100093758879e-02 -3.736316751858348439e-01 -5.743625567046883873e-02
-6.255111080692266068e-03 3.337315232287263456e-02 -2.589971092978569089e-01
-6.883140101884871465e-03 1.637171449729013517e-01 2.060415767123302544e-01
6.644390549520234890e-03 -3.556272475635813279e-01 -1.157554122853206025e-01
-8.790104335836823601e-04 2.629890265967826934e-03 -3.331529235206378559e-01
-6.491099506076784820e-03 1.724015260474995870e-01 1.750527432707511544e-01
1.348809275599448070e-02 -3.495344486677787188e-01 -1.651131319475709347e-01
-1.590026564917496055e-03 -2.833969669459790452e-02 -2.742946078108978725e-01
-1.185451134181216698e-02 1.670185945720117360e-01 1.790505129165045339e-01
-4.670631945741729463e-03 -2.154442289834876401e-01 2.088583993272585815e-02
-1.988519626103690818e-03 1.509649564223813911e-01 -2.040627335746858506e-02
-5.260255519502293753e-03 1.498510288944148172e-01 2.318553349980714273e-01
-4.023731259366600255e-03 -2.359894540520898198e-01 7.023404482485062772e-02
-1.129898970275683423e-03 1.450844121182930380e-01 -1.285370160186882771e-02
-8.256324009385536400e-03 1.695249102978877431e-01 1.862570037429032155e-01
-6.317252688733655808e-03 -2.374568770123289263e-01 3.076158659226990721e-02
1.969456582125488076e-03 1.341043371094681191e-01 -8.108965687242530862e-02
-9.846156772490996523e-03 1.653900420028007190e-01 1.357688385245374718e-01
-9.509906086401120895e-03 -2.055535720230035057e-01 -3.236800281169749383e-02
1.455523419307075406e-03 1.235210602702547789e-01 -1.738681538664446080e-01
-4.759324494147301743e-03 1.645142760536675297e-01 1.287957368330214791e-01
-1.202812847333313562e-02 -2.058115891643995110e-01 -4.398581260197431675e-03
7.930657483855921286e-04 1.274649916306467290e-01 -1.984025933855164681e-01
-4.085302594308982960e-03 1.636870256119218325e-01 1.227904032669000500e-01
-3.985666466281304054e-03 -1.145587659423673299e-01 1.251923177465918968e-02
-3.767504857398379370e-03 7.913547494818296002e-02 3.595144799792748813e-02
-4.374588051830906321e-03 6.998227571422788174e-02 1.318433134015517538e-01
-3.400162872535208991e-03 -1.221280441160462193e-01 5.790531837312151708e-02
-5.447778981148898580e-03 6.078409194602052423e-02 2.330130341503622304e-02
-4.797931730375681880e-03 9.214253055435506212e-02 1.036570544815793582e-01
-5.202992212610960121e-03 -1.222644822829991179e-01 1.167571863175531632e-02
-3.425724195890829382e-03 5.782327349201032973e-02 -4.375748540886004179e-02
-4.238608412985366003e-03 9.311919765335741062e-02 3.764290590381236257e-02
-6.859001016477406232e-03 -1.113325008070670807e-01 -5.441898958622104487e-02
-1.993414649584815401e-03 5.974386892089622592e-02 -1.055005963036341754e-01
-3.276661153449031416e-03 9.245086041056271853e-02 -4.188237972996944336e-03
-9.292842206038751107e-03 -1.099976935426937308e-01 -3.101862264891330767e-02
-2.606895507993381433e-03 6.131714718779246454e-02 -1.187822855434639280e-01
-3.205890144207981796e-03 8.896627229924192193e-02 -8.750468402512368016e-03
-3.742061268276392072e-03 -1.159024331238574582e-02 9.023949743879100538e-03
-4.008992211541752282e-03 2.121036467649339841e-02 6.291822371924737922e-02
-4.208008192443525586e-03 -5.712863031815729187e-03 9.872937014814819889e-02
-3.214460715605702013e-03 -1.393401793582117396e-02 5.587482529696252698e-02
-5.195612699367566090e-03 1.707336644074075593e-03 4.532825139641438739e-02
-4.464158666765666306e-03 1.525952893463600191e-02 7.708879291534920242e-02
-5.198605288546917502e-03 -1.279840494986441909e-02 1.240198071233145072e-02
-3.181869383651163286e-03 -9.499064287235015058e-04 -2.188258590504332801e-02
-2.967229396280843257e-03 1.746355596176396574e-02 1.207831811189041815e-02
-6.685178134225505664e-03 -9.860004921365649044e-03 -5.466743743915003506e-02
-2.315242385268284631e-03 -7.621733812808173525e-04 -7.798842430960295502e-02
-2.379579575949919423e-03 1.598166965221459179e-02 -3.818290421256165246e-02
-9.072205103671057702e-03 -9.913338503864960877e-03 -3.408988710617144591e-02
-2.903211463779309387e-03 1.814238992658090410e-03 -8.839171103391496587e-02
-2.799983864832364389e-03 1.295307547533841586e-02 -4.710880300226172324e-02
-3.518122725574834853e-03 4.277764133124321855e-02 7.827635906387797604e-03
-4.257805274235221260e-03 -4.411992376560647244e-04 7.373196408954996173e-02
-4.298149839887049906e-03 -4.140121734139956544e-02 8.661850790391767418e-02
-3.067922613167461954e-03 4.223008402419290569e-02 5.504852596486387029e-02
-5.046331872172751809e-03 -2.018270687738432656e-02 5.432744591518456900e-02
-4.787155902533229979e-03 -2.099798663688545730e-02 6.643553669062107758e-02
-5.035116060680799865e-03 4.284048952223012963e-02 1.278662734319979677e-02
-3.202988394494718505e-03 -2.273698048762273771e-02 -1.234643361803566819e-02
-3.167115295530556485e-03 -1.856279317955866759e-02 7.754989829047431726e-04
-6.593157186737225173e-03 4.368733088032614176e-02 -5.453934153545247909e-02
-2.403684600591884934e-03 -2.223506915383666183e-02 -6.651243024160891082e-02
-2.389956278874963425e-03 -1.952961443193768076e-02 -5.224616662991365956e-02
-8.985145962089297056e-03 4.356530680763144592e-02 -3.518927501968427407e-02
-2.982223550206372642e-03 -1.968410216420313219e-02 -7.605028995703122519e-02
-2.929979282784656025e-03 -2.210603384706377739e-02 -6.187165088660684376e-02
-3.454929036806275722e-03 5.759141973225147260e-02 7.474343093473834188e-03
-4.343709865168202122e-03 -5.243295677252568510e-03 7.788758812802853981e-02
-4.351854809577150596e-03 -5.213751475543304537e-02 8.151318531395013167e-02
-3.026155776899394634e-03 5.743759450603172501e-02 5.481540108752902540e-02
-5.041417858794881857e-03 -2.509360665590332218e-02 5.806484273389678208e-02
-4.974002779175604183e-03 -3.207321863021750374e-02 6.157131681323946282e-02
-5.010035756149999742e-03 5.777433509727987471e-02 1.297301315811871802e-02
-3.241181654355683450e-03 -2.751358467669540175e-02 -8.347842204852184977e-03
-3.223992855453751416e-03 -2.948822991887922740e-02 -4.513353960644117535e-03
-6.577250662024636263e-03 5.809539509432695009e-02 -5.433682171556242224e-02
-2.444034549429707770e-03 -2.695238613434636221e-02 -6.209122043661530199e-02
-2.453463543710926453e-03 -3.009298634790624760e-02 -5.801968492299458546e-02
-8.961124967711620037e-03 5.799842829862154880e-02 -3.558106011844941463e-02
-3.018346980615475850e-03 -2.444839002534493488e-02 -7.152664989082690994e-02
-3.010635626435310963e-03 -3.264254715158543263e-02 -6.756998342612430264e-02
-3.433045515631422129e-03 5.847440754946686692e-02 7.348260997044775422e-03
-4.366425808953494636e-03 -5.168585704266703829e-03 7.905059272549941340e-02
-4.368848379983414354e-03 -5.346593743455496650e-02 7.991371656820689395e-02
-3.006139275558067370e-03 5.844027629299618221e-02 5.472052573611030368e-02
-5.044660092028287190e-03 -2.505655710539400616e-02 5.914626985104209922e-02
-5.015117145531163001e-03 -3.352126544152778109e-02 5.998870404010503421e-02
-4.992535584185525677e-03 5.864192807202515956e-02 1.299966017006681795e-02
-3.253190210961293127e-03 -2.747985972713795633e-02 -7.196353246134101767e-03
-3.235372687599866182e-03 -3.088129019957541743e-02 -6.269333225715101321e-03
-6.562997585582819315e-03 5.877462692361847679e-02 -5.429255222385975799e-02
-2.459013945499965992e-03 -2.687982555700418885e-02 -6.084214035882595795e-02
-2.462399803512024810e-03 -3.138342450682785056e-02 -5.986416911259873075e-02
-8.947209924637156142e-03 5.871055146842824729e-02 -3.569707435967650611e-02
-3.029601181470838178e-03 -2.437924778388556035e-02 -7.025753991132877019e-02
-3.029116188636771234e-03 -3.393728180495791946e-02 -6.932006746062491231e-02
-3.430406339585273523e-03 5.751706609829439210e-02 7.323324133688302595e-03
-4.369903556648256637e-03 -4.806211254170911218e-03 7.940015827298463336e-02
-4.371550187877291938e-03 -5.297934552740368730e-02 7.948523340773405721e-02
-2.988391362970452270e-03 5.752839277191072048e-02 5.468562615183536479e-02
-5.025205957231132503e-03 -2.467851994232894697e-02 5.946184091905415414e-02
-5.025619612370392508e-03 -3.307392998563063458e-02 5.954970179236962480e-02
-4.990935797195852897e-03 5.765512183655959605e-02 1.301976210413613444e-02
-3.237235103590953289e-03 -2.708644103802448910e-02 -6.842763044065058864e-03
-3.238627450115272310e-03 -3.043059221603083842e-02 -6.756007496777627352e-03
-6.561766100030258508e-03 5.770304948806772444e-02 -5.428164169687299534e-02
-2.460924227012217802e-03 -2.649169645474458434e-02 -6.045667900053786070e-02
-2.462716566543371455e-03 -3.088058928056991448e-02 -6.036929543666502695e-02
-8.947459697818474500e-03 5.766355989650757269e-02 -3.571373798952670597e-02
-3.030418977571634753e-03 -2.398954697543143055e-02 -6.988032986601133700e-02
-3.032006263326544881e-03 -3.343940143398960174e-02 -6.979452188407186952e-02
-3.444794327119707344e-03 5.796728517136743447e-02 7.393285756450040935e-03
-4.361057185639796718e-03 -5.436005059140214257e-03 7.969345794134508054e-02
-4.364352760354767158e-03 -5.294157138230648485e-02 7.918366125573239600e-02
-3.002481064904763408e-03 5.804164999503411831e-02 5.469648560723783248e-02
-5.011309932761720543e-03 -2.536475739853383260e-02 5.977486829509892630e-02
-5.023119239227671895e-03 -3.307378031529317752e-02 5.928011082412432131e-02
-5.005038350068116704e-03 5.810498393966884167e-02 1.295590970888937932e-02
-3.227742055004249877e-03 -2.776268460526765125e-02 -6.443149288034355493e-03
-3.233132720059553322e-03 -3.042283763603848001e-02 -7.030078881223644771e-03
-6.576142042287541623e-03 5.804150668510386218e-02 -5.430237723389730320e-02
-2.452760342207593869e-03 -2.709271253329159634e-02 -6.003379703462563555e-02
-2.455688138376516116e-03 -3.082777001581238352e-02 -6.067532109491846626e-02
-8.960660014625199121e-03 5.802131144630829490e-02 -3.565586226584471774e-02
-3.020845436232696968e-03 -2.459630653628330776e-02 -6.951695858653383908e-02
-3.026242964503815525e-03 -3.338385552043199311e-02 -7.011828655742569083e-02
-3.487241094333223823e-03 6.423247341303747748e-02 7.593104300356756653e-03
-4.327040628110664922e-03 -9.940409328367927344e-03 8.055374469683762584e-02
-4.323014678442524406e-03 -5.512492309420302661e-02 7.833824702646818849e-02
-3.062835764584367904e-03 6.445218247928581612e-02 5.474911853218600299e-02
-4.960714348947285746e-03 -3.000858116602156400e-02 6.065869557461489592e-02
-5.010906651252908239e-03 -3.532789823188053902e-02 5.854891180181631682e-02
-5.050741962515564731e-03 6.432397939410944288e-02 1.275221157223072055e-02
-3.192979178253320394e-03 -3.237176137019481814e-02 -5.339817982703998211e-03
-3.211527996984091249e-03 -3.261432834559130356e-02 -7.720955154732145331e-03
-6.618713237372120251e-03 6.401854646195186127e-02 -5.441273662058776495e-02
-2.418816310539653736e-03 -3.155833577225486408e-02 -5.881088556666291822e-02
-2.417491812843355903e-03 -3.296192150975496560e-02 -6.147908358791909222e-02
-9.001196117034260258e-03 6.405899381809811166e-02 -3.545790446831631471e-02
-2.980937612986706009e-03 -2.898140859522868595e-02 -6.846562792102162120e-02
-3.007503973627770333e-03 -3.546382365593903074e-02 -7.101085424054076611e-02
-3.607679128180177330e-03 8.742254754674522177e-02 8.011169085550662317e-03
-4.236890194185771730e-03 -2.401155244230235297e-02 8.227222351162666314e-02
-4.248944371838134226e-03 -6.388663285914208956e-02 7.632181582238395379e-02
-3.198320740201182621e-03 8.777641216289722159e-02 5.462692310303118859e-02
-4.828399714668786535e-03 -4.451754031544563617e-02 6.238144789133137635e-02
-4.969087576404726536e-03 -4.437892113644092973e-02 5.687079144487849902e-02
-5.177853765004389319e-03 8.734003249763386267e-02 1.214859667500967078e-02
-3.107836959560822399e-03 -4.670575873500659725e-02 -3.010597256525748833e-03
-3.154743203645671290e-03 -4.156373317080586105e-02 -9.419561328257941568e-03
-6.721406258299811309e-03 8.643928128446126680e-02 -5.475284277672365363e-02
-2.367369828867982307e-03 -4.558951714347703188e-02 -5.606171217024957798e-02
-2.363790465896298265e-03 -4.168019835569936049e-02 -6.349741861016067190e-02
-9.102300278265182398e-03 8.650340063611423880e-02 -3.508865405273198235e-02
-2.877697070580539918e-03 -4.301196414379226951e-02 -6.607154632106926329e-02
-2.950764602709224360e-03 -4.427506177998896675e-02 -7.324304597694997199e-02
-3.882089885433592791e-03 1.419557183642196629e-01 9.269427912396821512e-03
-4.086780697782059490e-03 -4.913298941104393691e-02 8.758511988151340688e-02
-4.192683675801431309e-03 -8.244623892784730401e-02 7.148927622157241757e-02
-3.568263156882689469e-03 1.417900534922093281e-01 5.507367062158152748e-02
-4.455642485640315398e-03 -7.046340332205147661e-02 6.866798901710424730e-02
-4.948816032465587489e-03 -6.378513532612295478e-02 5.249641213420463970e-02
-5.549389261100129422e-03 1.405297608549282706e-01 1.156581257325584033e-02
-2.988462884689728483e-03 -7.217867178736536715e-02 5.012111997063861679e-03
-3.077257166614777439e-03 -6.084310761033506765e-02 -1.391145634955481825e-02
-6.995879069614935331e-03 1.386660282199610461e-01 -5.445872386487060623e-02
-2.378883042649021506e-03 -7.053663046542002490e-02 -4.724901357402089275e-02
-2.217871210072497323e-03 -6.042001523658324658e-02 -6.878666794857046796e-02
-9.344757719403448681e-03 1.385501699253855468e-01 -3.333207036219931751e-02
-2.786516743797637363e-03 -6.789660169946110102e-02 -5.747786128400989014e-02
-2.902863453345963518e-03 -6.318466749231799184e-02 -7.892302066075718159e-02
-3.800743076634804929e-03 2.329149611466425629e-01 1.273327129431933713e-02
-4.426408583880575565e-03 -6.056371216762901355e-02 9.969713123102064145e-02
-3.749659388872575438e-03 -9.240325232597257354e-02 5.594847409092107426e-02
-3.781942904030888286e-03 2.313683862814880365e-01 5.771066700635429925e-02
-4.190750207430989083e-03 -8.111502050346786064e-02 8.756115749643900159e-02
-4.428681078286388073e-03 -7.316060955440306657e-02 3.754328099982551237e-02
-5.859764735979516859e-03 2.269839362639309854e-01 1.365502617653291395e-02
-3.041638200850370344e-03 -7.985212111228801035e-02 3.084257948213497968e-02
-2.351315186686714354e-03 -6.783397861603734924e-02 -3.169012741169208169e-02
-7.293142830824828060e-03 2.221966977756846262e-01 -5.127460496876601326e-02
-2.483348788426778531e-03 -7.696370241471761631e-02 -1.646467853640487533e-02
-1.681502327664494145e-03 -6.527093013043305803e-02 -9.179773724986883821e-02
-9.506796924659527415e-03 2.239524622205523174e-01 -2.583972737819273391e-02
-2.938481618863099387e-03 -7.275386724505761293e-02 -2.262518568371341132e-02
-2.448063104771636134e-03 -6.487140569559723957e-02 -1.038658706535908749e-01
-4.228040227419696540e-03 3.405047631581514800e-01 2.695480761454938090e-02
-2.732466918735264316e-03 -6.893597236580006893e-03 1.358715093080640202e-01
-2.824438171285408028e-03 -2.124844794183022856e-02 1.593957822755953657e-03
-4.684660192086034791e-03 3.453668434010337407e-01 4.885753596166608759e-02
-2.755857865236382986e-03 -2.061249097571504763e-02 1.140055933096402185e-01
-2.051800852118736140e-03 -1.717814828617036937e-02 -1.469129075495256842e-02
-5.629457565617279613e-03 3.374099855977392703e-01 5.130720598680582611e-03
-2.757399875365218467e-03 -1.952062156493994394e-02 6.696088028400737358e-02
-3.658012594040110921e-04 -4.174251487653712900e-03 -8.958194360226467978e-02
-6.554276086031152193e-03 3.233352716261009840e-01 -5.901752659431735992e-02
-2.808359198595719586e-03 -1.853752323094326471e-02 3.138276971821074568e-02
-6.444230349674090474e-04 5.054939834602478754e-03 -1.603460159207568125e-01
-9.077356710874895374e-03 3.237127344148695851e-01 -5.891856018831198583e-02
-2.133426248781510048e-03 -1.287712605473601002e-02 2.508486411481136713e-02
-1.248894680267481627e-03 1.739750300478348777e-03 -1.699948931115660145e-01
8.049320201405613107e-03 -4.400881240560785557e-01 1.899458307990542494e-03
-5.963288082421067116e-03 1.008312622426448257e-01 -2.363568200714851741e-01
8.255573901295096273e-03 1.625393583184093771e-01 3.044080292599087301e-01
-1.029619630588918255e-02 -4.128132988985049323e-01 3.487996399966775130e-03
6.314189718335805335e-03 5.975353671768246500e-02 -2.275812807187804765e-01
7.930323637760250399e-03 1.588109681895550906e-01 2.532040309399516964e-01
-6.041798989174451684e-03 -3.866585539142173289e-01 -4.234078010992980978e-02
7.707728897452525985e-03 3.381385292242899965e-02 -2.792162758994072291e-01
1.893311722655666163e-03 1.728702741838787915e-01 2.041700829956871743e-01
1.635348188934732105e-02 -3.653345590910488383e-01 -1.028673006741414042e-01
-1.723667910747156418e-03 1.283183224496475816e-02 -3.418657595588001641e-01
-4.076069119690779730e-04 1.765549344272709931e-01 1.747312099427551502e-01
1.207788079728727704e-02 -3.378058567819781643e-01 -1.616520790782587369e-01
-4.624742295082112653e-03 -2.765583031305451911e-02 -2.795555926148658443e-01
8.769722572900678914e-03 1.636878407565003357e-01 1.768382079152508446e-01
5.241810313654199360e-03 -2.193362767763612498e-01 2.272708705729087342e-02
2.569506641956376125e-03 1.491462225888131599e-01 -1.904647423437477727e-02
2.743711916876570567e-03 1.479022412325257108e-01 2.297404435391836586e-01
2.684354372333441763e-03 -2.227635003598631980e-01 7.657632335742015073e-02
1.329963146033029397e-03 1.352086090299273735e-01 -3.235486940870213601e-02
8.732232274922882564e-03 1.661100948189977444e-01 2.221472165961575485e-01
5.136289838238796562e-03 -2.219006570857919303e-01 3.257528435618795015e-02
-2.194437893098886982e-03 1.289841334743639933e-01 -1.002710893408327308e-01
1.174118252238242135e-02 1.642701667780031016e-01 1.632309036030354932e-01
1.142493149650075646e-02 -2.072771275166725991e-01 -3.509411507942239439e-02
-1.036489961749043065e-04 1.260551604793507252e-01 -1.739708091692611092e-01
-1.663191418433559998e-03 1.641865262997512787e-01 1.217689484121606824e-01
1.519012954406662175e-02 -2.127561087999403910e-01 -3.000783501223125427e-03
7.727105106974802018e-04 1.242092787884478966e-01 -1.962673580354916680e-01
-7.609539897110301210e-03 1.599500204397870107e-01 1.192856298228859302e-01
4.924901041522336542e-03 -1.153195685981958790e-01 1.204926877163359222e-02
3.332526662487927949e-03 7.969115446168828498e-02 3.661448111998311106e-02
3.122085224549472904e-03 7.053700850646560383e-02 1.302290243035617578e-01
3.503403674152680281e-03 -1.168668304158912152e-01 5.846430308549344090e-02
5.100607968953708993e-03 6.273086930302351760e-02 2.063700966362702616e-02
4.722294086919015532e-03 9.312152905933945846e-02 1.097634938874145760e-01
4.962376519999839308e-03 -1.164968594274307240e-01 1.224223366910770494e-02
3.377871528942553991e-03 5.972080075060937077e-02 -4.698307261933010182e-02
4.847372783944231545e-03 9.440354146298712834e-02 4.385729495084600416e-02
7.545498742624917599e-03 -1.112278795300846862e-01 -5.459820538451864991e-02
1.832611341818141115e-03 6.002029165582900561e-02 -1.056200093057677591e-01
2.527951215203633195e-03 9.306597211644529466e-02 -4.741622230293174312e-03
1.061517234946876553e-02 -1.113712379690843801e-01 -3.137531030588824876e-02
1.932445590077450093e-03 6.161292887661140583e-02 -1.176454639012343151e-01
1.793545456347973854e-03 8.895494497518452448e-02 -1.069768471845211621e-02
4.109616446760611108e-03 -1.172836568191847409e-02 8.930828989729633349e-03
3.847168093018701884e-03 2.137732301612604857e-02 6.306635721107678449e-02
3.857801181674683222e-03 -5.466122763533753925e-03 9.838924924984571163e-02
3.364825913426697235e-03 -1.323081570597311671e-02 5.598069493565205335e-02
5.078560646974920878e-03 1.986916085131795739e-03 4.497102177300860149e-02
4.385334057611635361e-03 1.541384336188844628e-02 7.794972693122659280e-02
5.246443114523921536e-03 -1.208969058979098704e-02 1.256966616808874448e-02
3.125325107578416639e-03 -8.277924441371098396e-04 -2.240496601639918595e-02
3.030470953544667223e-03 1.750287128737948450e-02 1.314076532754082649e-02
6.921858258944590947e-03 -9.979968311108401713e-03 -5.466260644811171687e-02
2.225304007025946662e-03 -8.060356954775471650e-04 -7.802160733325980146e-02
2.252448187383224165e-03 1.600437731943760156e-02 -3.824048446678318669e-02
9.502620223849345127e-03 -1.024576551656478096e-02 -3.416920137120804668e-02
2.697055658303908199e-03 1.956864973161387411e-03 -8.810589937371737790e-02
2.516935058698960281e-03 1.314558284550759737e-02 -4.765318936445961384e-02
3.630254862275222871e-03 4.272830529150591083e-02 7.807340398317208496e-03
4.194087579826311085e-03 -4.619461608825758958e-04 7.379078053931564796e-02
4.201759184414663451e-03 -4.134444921778701598e-02 8.653555523797251681e-02
3.135530497073185652e-03 4.228694495442125723e-02 5.505118634332717420e-02
5.009603512561994210e-03 -2.015798451642325517e-02 5.429874083250219030e-02
4.737085657562714602e-03 -2.101491642131403381e-02 6.654243409054050318e-02
5.082483638194093545e-03 4.289441722572042565e-02 1.281529848163920349e-02
3.176806714114799313e-03 -2.270053114305348174e-02 -1.242003169224226156e-02
3.150690339280184937e-03 -1.859336999256022693e-02 9.039238621246781236e-04
6.681521534435908016e-03 4.363689197585728097e-02 -5.454214758633746385e-02
2.368658205643692227e-03 -2.224530858015505430e-02 -6.649910276841453083e-02
2.337887263891322287e-03 -1.953025018112874989e-02 -5.226439957882611509e-02
9.114917664579169632e-03 4.345810205604555554e-02 -3.519847208167981023e-02
2.925190660804405374e-03 -1.965378104139059445e-02 -7.599288971341078280e-02
2.845399421779644389e-03 -2.207119501479315460e-02 -6.201070514022877234e-02
3.485434539346493610e-03 5.758382423399840272e-02 7.465798649473498472e-03
4.330778419464845208e-03 -5.242620465562453091e-03 7.790450701133710965e-02
4.327698306837927944e-03 -5.212350170733603960e-02 8.149464726628963263e-02
3.048766383775214361e-03 5.742947164289735618e-02 5.482754207331019813e-02
5.030971998866984318e-03 -2.507517880303122837e-02 5.805632788309722514e-02
4.957669522245106153e-03 -3.207298452256690524e-02 6.157483215435988200e-02
5.029558982198936712e-03 5.778038303570625506e-02 1.298699004670211821e-02
3.232913477816574954e-03 -2.750656564436138041e-02 -8.352594028319337838e-03
3.212829521913207476e-03 -2.949992745613894130e-02 -4.507871057503720635e-03
6.604260487793306433e-03 5.806967789961930276e-02 -5.434346960407765437e-02
2.433422562296061464e-03 -2.695182886399205557e-02 -6.208558630686855651e-02
2.437321539400072457e-03 -3.007946483234391621e-02 -5.802190836839038468e-02
8.996023793124641177e-03 5.798657392056471432e-02 -3.557539867792414157e-02
3.003976536816381493e-03 -2.444363426813911389e-02 -7.150906748913499200e-02
2.988337550783995433e-03 -3.264146029858672193e-02 -6.760476336811560572e-02
3.440440514043505149e-03 5.847896133822530484e-02 7.341214759922110034e-03
4.363575575856440403e-03 -5.177562261935442223e-03 7.906367307294015490e-02
4.362978267583077219e-03 -5.346210311552823669e-02 7.990865540002811684e-02
3.012206369062589428e-03 5.842463900695685913e-02 5.471819975675096259e-02
5.042293838411149309e-03 -2.504813221853030569e-02 5.914204806090772593e-02
5.010705759941821991e-03 -3.351039068323924397e-02 5.999047062328433100e-02
4.998739729613690952e-03 5.863309272741131645e-02 1.300920508088232452e-02
3.250775899148718173e-03 -2.746987229568098599e-02 -7.202378277704646337e-03
3.231562015010194799e-03 -3.088326525644546905e-02 -6.268324668267766242e-03
6.569890693419455641e-03 5.876242116074544691e-02 -5.429397695993110062e-02
2.456366143771121502e-03 -2.687632743148871128e-02 -6.084231300413645016e-02
2.457816779661059492e-03 -3.137535750495157316e-02 -5.986282174192503192e-02
8.955168396223289751e-03 5.868835423565124665e-02 -3.570420835553811401e-02
3.026410582351826695e-03 -2.437379050465793284e-02 -7.025903480335315976e-02
3.023766380797862641e-03 -3.392238743547704161e-02 -6.931577147519885074e-02
3.432403197954209118e-03 5.751340870189203952e-02 7.332357097986630379e-03
4.369186327691246263e-03 -4.797951522654386736e-03 7.939416885939909463e-02
4.370231201256701004e-03 -5.298097631870035684e-02 7.948217616474639868e-02
2.989961381715672273e-03 5.752557699781712941e-02 5.468827181870494769e-02
5.024662326369534748e-03 -2.467637276996192952e-02 5.946056650281761335e-02
5.024611770156520163e-03 -3.307287539609671256e-02 5.955103719445631327e-02
4.992482093295128043e-03 5.765326578283012926e-02 1.301550248754246297e-02
3.236797503709545887e-03 -2.709091352470061054e-02 -6.842093689758854680e-03
3.237386768343793186e-03 -3.042567108560323419e-02 -6.752749715630557148e-03
6.563645200291040593e-03 5.771633449076175176e-02 -5.427543787781097251e-02
2.460338341315301824e-03 -2.649471116386692415e-02 -6.045551086839306976e-02
2.461478662841062870e-03 -3.088872149763854935e-02 -6.038036101752286555e-02
8.949245719060680559e-03 5.765368014604072694e-02 -3.572044309594701872e-02
3.029606695859311805e-03 -2.399077221151735273e-02 -6.988047435941968644e-02
3.030838071355727859e-03 -3.343137495166637052e-02 -6.978778702837384884e-02
3.444882920121988823e-03 5.797758747989392031e-02 7.403843441068147513e-03
4.361081916329570540e-03 -5.435283027680704038e-03 7.969324684637957290e-02
4.364298608539797508e-03 -5.295218966025139196e-02 7.917487569955561355e-02
3.002744214885735841e-03 5.804616569563502554e-02 5.469937513052158806e-02
5.011226532111306975e-03 -2.536635092163663785e-02 5.977448472153490400e-02
5.022885891622190513e-03 -3.307705084690759634e-02 5.927687706075790430e-02
5.005402388426741234e-03 5.809768777216126057e-02 1.295733416019118067e-02
3.227730227385657014e-03 -2.775826282875737405e-02 -6.447973629796877049e-03
3.232898681422867460e-03 -3.041805039273270950e-02 -7.026876444501617414e-03
6.576481701404596203e-03 5.803637196859259134e-02 -5.430975517374925232e-02
2.452424187272581046e-03 -2.709588355650982550e-02 -6.003235851692423353e-02
2.455482115309687297e-03 -3.082133426188349290e-02 -6.066907574362634392e-02
8.960667610825992502e-03 5.802047263786786618e-02 -3.565210468600277238e-02
3.020937554826658156e-03 -2.459182942900195457e-02 -6.952090840245084280e-02
3.025937733174076383e-03 -3.338595268988786557e-02 -7.011942179414454301e-02
3.487273196126225439e-03 6.423153668676667705e-02 7.591730558784703931e-03
4.326995844669029312e-03 -9.939095480896220636e-03 8.055375643474427250e-02
4.322958401534210404e-03 -5.512725690350528396e-02 7.833973353464607214e-02
3.062674825316177851e-03 6.444276794537431852e-02 5.474437404850007738e-02
4.960605393879526093e-03 -3.000449483479172841e-02 6.065883728130838648e-02
5.010972454811621346e-03 -3.532276759035113400e-02 5.855510518894391225e-02
5.050826375959896475e-03 6.432441839701290298e-02 1.274038316072356736e-02
3.193001337227711900e-03 -3.237924690608018352e-02 -5.332955085690649355e-03
3.211408050231630285e-03 -3.260896492210640929e-02 -7.714703669322808821e-03
6.618645583334720195e-03 6.402804817828036676e-02 -5.441236918009906276e-02
2.418843076064131070e-03 -3.156339015243858626e-02 -5.880761865514916309e-02
2.417444410687488721e-03 -3.296532830001996928e-02 -6.148441906450941019e-02
9.000982107318367120e-03 6.406563056207056905e-02 -3.545506551558652575e-02
2.981088183192696917e-03 -2.898085602773203817e-02 -6.846499428184937841e-02
3.007484785524969229e-03 -3.547119435198986537e-02 -7.101427201331311778e-02
3.607467655288271180e-03 8.743326504586615422e-02 8.006666697305320213e-03
4.237134252270048640e-03 -2.401819474189892389e-02 8.228160876985235461e-02
4.249230888787279559e-03 -6.389253942787931351e-02 7.632007051998712654e-02
3.198470950551465797e-03 8.777358815211022680e-02 5.462559407969713732e-02
4.828322579435273543e-03 -4.451687114067226503e-02 6.238046982041645094e-02
4.969033341872118592e-03 -4.437628492636402910e-02 5.687198507742863285e-02
5.177912315784002906e-03 8.734772737471571680e-02 1.215137123629439486e-02
3.107974052787530750e-03 -4.670718001248275186e-02 -3.009881378790879580e-03
3.154664046950896028e-03 -4.156810154833667781e-02 -9.424284331836396689e-03
6.721866865243952827e-03 8.644608489520458350e-02 -5.475245093310832090e-02
2.367054026829670810e-03 -4.559200106157756949e-02 -5.605756443645226739e-02
2.363610511670041769e-03 -4.168544171080679206e-02 -6.350112304249044826e-02
9.102402446053009522e-03 8.651329637325604061e-02 -3.508328882371536395e-02
2.877732590072110130e-03 -4.301778062466521391e-02 -6.606787305114458775e-02
2.950856489153136364e-03 -4.428168208639160497e-02 -7.325285761689670494e-02
3.881916671867061130e-03 1.419510470300252569e-01 9.272955840462060451e-03
4.086646149830230890e-03 -4.913321714235774351e-02 8.758744404339235956e-02
4.193384938291654096e-03 -8.244348887887831268e-02 7.148630972385827675e-02
3.569293710508750217e-03 1.417953054983328298e-01 5.507465417364443283e-02
4.454879018866340912e-03 -7.046464692337117697e-02 6.867128890128437746e-02
4.948779839096369149e-03 -6.378782030686025450e-02 5.249267087813169752e-02
5.551258696690444805e-03 1.405401796156035554e-01 1.156944330796960685e-02
2.987735903320673514e-03 -7.217947403481606017e-02 5.008687824603619276e-03
3.076668743996389954e-03 -6.084845187278009604e-02 -1.391253530643421499e-02
6.995189950713714966e-03 1.386739844727842563e-01 -5.446338242713899547e-02
2.379214892791428615e-03 -7.053993979349115762e-02 -4.724439817968306699e-02
2.218046232819501085e-03 -6.042390598844793459e-02 -6.879252534233515348e-02
9.343008230461816166e-03 1.385422467207081676e-01 -3.333974968061426125e-02
2.786772898649675367e-03 -6.790454355035446810e-02 -5.746492992071505768e-02
2.903910756416869243e-03 -6.317669020567251437e-02 -7.892446362179850183e-02
3.799491367012693133e-03 2.329036351388418802e-01 1.273527124093298823e-02
4.429017173019113296e-03 -6.056448084542687127e-02 9.970067301688700923e-02
3.749364122563478285e-03 -9.240100328846256872e-02 5.594586006591661942e-02
3.782867258997846260e-03 2.313726823563116430e-01 5.770296358914528412e-02
4.189668595991118127e-03 -8.111795165674617891e-02 8.755094566370225095e-02
4.428873398682905971e-03 -7.315522156200682247e-02 3.754756068626718957e-02
5.858844621251482754e-03 2.269995637139221034e-01 1.364943578885657871e-02
3.037672603571101027e-03 -7.985778044950730958e-02 3.083778782364987592e-02
2.351330506152195243e-03 -6.783192497876644467e-02 -3.168434833305511233e-02
7.293104141388506712e-03 2.221857058680652419e-01 -5.127927211024285725e-02
2.483018904623948697e-03 -7.696596991708304358e-02 -1.645379018577752817e-02
1.679666550456315743e-03 -6.526911918977784666e-02 -9.178926462513992135e-02
9.510171297232639098e-03 2.239531715234338860e-01 -2.583891718954411942e-02
2.941496039776808624e-03 -7.276598196150185771e-02 -2.261066207089701408e-02
2.447230753825774263e-03 -6.487886273492815548e-02 -1.038742289788503470e-01
4.246250146884178456e-03 3.404435937527438005e-01 2.697131705966526738e-02
2.723038311747208451e-03 -6.917204956707223573e-03 1.359321647230764540e-01
2.831820785847094513e-03 -2.126183160378403159e-02 1.566404800715126555e-03
4.681158687116451778e-03 3.453965778766215911e-01 4.888461578869218727e-02
2.750183681883254516e-03 -2.059290036398486734e-02 1.140040267211723801e-01
2.045666003551112333e-03 -1.716730725090531706e-02 -1.465725929822347950e-02
5.621801441034857127e-03 3.374643738637165269e-01 5.133177174400316289e-03
2.757156712718158986e-03 -1.948538651127762478e-02 6.690702701773343364e-02
3.553856084612810884e-04 -4.155961154174825367e-03 -8.956327633903438112e-02
6.568237330103671168e-03 3.232759977800025997e-01 -5.904362416667829905e-02
2.803463610147646778e-03 -1.856167785662243830e-02 3.139191911120242651e-02
6.456566532730828589e-04 5.047889748697187429e-03 -1.603864909274186346e-01
9.096514133817623637e-03 3.236461177314045035e-01 -5.891823742809165765e-02
2.123713691617963584e-03 -1.292173228449566835e-02 2.514376011327179583e-02
1.254258526158111287e-03 1.704277649843710662e-03 -1.700509929019684563e-01
3.030069606104113245e-02 -3.849214822820106185e-01 -4.245925595448696299e-02
2.437676710279140790e-02 8.149388534627277636e-02 -1.891057730889871280e-01
2.861637114282578054e-02 1.425221913200083179e-01 2.904489439302482268e-01
2.899028990867391631e-02 -3.924421333692791336e-01 -1.804944792689511246e-02
3.246271247377735536e-02 3.564277141742122623e-02 -2.214736621526789406e-01
2.665747242499572067e-02 1.606974441540955922e-01 2.428451674756733070e-01
3.704821485616260901e-02 -3.988857412337374342e-01 -3.332875433755155825e-02
3.099546088772764385e-02 4.593678207821616510e-02 -2.688290094870460223e-01
2.367685670570723877e-02 1.744361874636286558e-01 2.047045593320215850e-01
3.889489736291373845e-02 -3.698452278646522373e-01 -1.015895368196151338e-01
2.864521161741823141e-02 4.004402250001515284e-02 -3.085838459921941279e-01
2.660585075907578867e-02 1.681913023712251487e-01 1.924167269281795711e-01
3.682186827165234710e-02 -3.493988734822996989e-01 -1.491362714514110621e-01
2.737649818233472976e-02 -9.162743249128801892e-03 -2.831446781713173877e-01
2.687422080929263712e-02 1.731576353455341888e-01 1.777090099818861013e-01
1.928441914272627233e-02 -2.422996790637947928e-01 2.588709020885104906e-02
2.101402652417505568e-02 1.574470834587931023e-01 8.432079508118306421e-03
2.210846434203045385e-02 1.544258413903580873e-01 1.966422343306648557e-01
1.270116259883935506e-02 -2.192214258665665660e-01 8.474543632966735629e-02
1.777502873211572743e-02 1.299608458395464794e-01 -3.327256197856787168e-02
1.895142602864891002e-02 1.665352889811400061e-01 2.406648810164027097e-01
1.493560692871787055e-02 -2.146530320710079431e-01 3.339338320486895384e-02
1.604776414826281083e-02 1.321958357181154398e-01 -1.008671425499354513e-01
1.721584568300055240e-02 1.687851838099119206e-01 1.719929769774983797e-01
2.346062080852151510e-02 -2.331603979060808962e-01 -4.288448100435893195e-02
1.833883891337340089e-02 1.438439897929946198e-01 -1.366931285617676295e-01
1.238708593574344707e-02 1.701913718596781422e-01 6.928815831924151070e-02
3.062855295983824000e-02 -2.420886938513120423e-01 -6.180831837124145522e-03
1.984214274214801677e-02 1.326922229800100439e-01 -1.535910733857637211e-01
1.145405672515975581e-02 1.579567952179958823e-01 7.527693433718329885e-02
1.699072881758845188e-02 -1.251018588916508745e-01 1.082773039613016408e-02
2.276993745029581850e-02 7.844590103292414796e-02 4.333699302077942406e-02
2.223635648560695621e-02 7.211740118522413923e-02 1.181538551251692937e-01
1.176497203816884163e-02 -1.182165215154644677e-01 5.917315292011693373e-02
1.960641800823348380e-02 6.411209358480274290e-02 2.378525090346084170e-02
1.987716234796865766e-02 9.340863065171145507e-02 1.108377709990095994e-01
1.382446278020199593e-02 -1.160131587833666822e-01 1.417047991017383879e-02
1.761716183365591437e-02 6.121547498060753156e-02 -4.418300669173724771e-02
1.908005447471983196e-02 9.615667890390700023e-02 4.635185463904001324e-02
1.967087481221474476e-02 -1.212779072221981946e-01 -5.316306584439089988e-02
1.882217605453384568e-02 5.757212347605022984e-02 -9.699040002895120693e-02
1.995290796065474215e-02 9.335929279044474782e-02 -1.462475475557312166e-02
2.606005749419970652e-02 -1.225217523146523158e-01 -2.850045691107006007e-02
2.083528613688667708e-02 6.062500512194279878e-02 -1.064564178414828532e-01
2.130950725115876576e-02 8.848158826175200886e-02 -2.193354670136571372e-02
1.717659786307335068e-02 -1.362099668399770896e-02 8.907165582721532360e-03
2.328064008734903600e-02 2.047090970990783632e-02 6.428655273091354871e-02
2.256936179903423767e-02 -3.598870622433913979e-03 9.587076501415836560e-02
1.240002950843732688e-02 -1.354417658812480385e-02 5.682230803099130867e-02
2.033552964435525467e-02 2.419731284403425775e-03 4.678746669081945697e-02
1.947885283798983513e-02 1.608850382679349877e-02 7.920287634617650951e-02
1.499703778667438314e-02 -1.245439389919366854e-02 1.379626850748039146e-02
1.847813042814111517e-02 -7.083054463405957790e-04 -2.028926704526323732e-02
1.836893912471015966e-02 1.824952826208203760e-02 1.472792365603670106e-02
1.997877375788470466e-02 -1.193921107599933001e-02 -5.310549445965762061e-02
1.982489744008131272e-02 -1.281197516373566714e-03 -7.464097702494409958e-02
1.986186728628214215e-02 1.696456888568320664e-02 -3.876284617441783098e-02
2.589249916497904369e-02 -1.239531487319803227e-02 -3.072730837138415438e-02
2.196379419307492586e-02 2.416725633426430875e-03 -8.388872938269908985e-02
2.160892261550140248e-02 1.365685074473699245e-02 -4.844539196059649555e-02
1.767515544773801128e-02 4.231185546856553598e-02 8.090934827359674841e-03
2.344963401355354415e-02 -1.621215826255628656e-03 7.391002034501692464e-02
2.346398700381047142e-02 -3.992859801366765993e-02 8.580123736000455636e-02
1.314765869161382827e-02 4.205246433098304426e-02 5.616846987407875247e-02
2.040163969086061790e-02 -2.032297237140490154e-02 5.600178193955240857e-02
2.031797095143145215e-02 -2.078571323438271889e-02 6.798554564237502262e-02
1.573701198068244711e-02 4.259494234369130827e-02 1.394309201209509297e-02
1.882893196482493536e-02 -2.294949179203253919e-02 -1.038858352598914792e-02
1.898538074959393862e-02 -1.816434386856435879e-02 2.482294728692657770e-03
2.049689720026526274e-02 4.315164987620101478e-02 -5.287929779178135448e-02
2.021356483887748468e-02 -2.287931574620660768e-02 -6.410863880272188453e-02
2.046384983967541871e-02 -1.870245994735775241e-02 -5.071663875468779281e-02
2.621738404314588600e-02 4.293812461623977561e-02 -3.152208355679775309e-02
2.222296523488365150e-02 -1.943822879327061770e-02 -7.333617400219072380e-02
2.232049382200396170e-02 -2.213763266349744185e-02 -6.034009528730077676e-02
1.788465201310029951e-02 5.750121803161349632e-02 7.841914007128636399e-03
2.360143544516773995e-02 -6.459485038083911945e-03 7.777848077123383774e-02
2.365428940921665557e-02 -5.095916909682607354e-02 8.115634873987076503e-02
1.337797642625704331e-02 5.738052580521381396e-02 5.594539421924871192e-02
2.052190368024020550e-02 -2.528774447453674412e-02 5.968123238990852286e-02
2.056142490265461253e-02 -3.193316178223604140e-02 6.307695112355027334e-02
1.598211185518827460e-02 5.767967868892893979e-02 1.408753662648720706e-02
1.897981815578264619e-02 -2.785120414773167852e-02 -6.491529598712020288e-03
1.907042397698366365e-02 -2.923623373622508126e-02 -2.829375815759149759e-03
2.068621419619742774e-02 5.795006116784837125e-02 -5.267521295816735005e-02
2.039350525284799875e-02 -2.765186284701393049e-02 -5.992837047902010994e-02
2.051052864870583914e-02 -2.945732348881247020e-02 -5.610288542871888495e-02
2.633808439385842970e-02 5.785044752928555217e-02 -3.184455885446446644e-02
2.237808415561204356e-02 -2.424673091037643502e-02 -6.913535894834232920e-02
2.247141584041245643e-02 -3.291295190414533778e-02 -6.547497281247416367e-02
1.794506192872769024e-02 5.847273515287502998e-02 7.721975183553553279e-03
2.364217181964506365e-02 -6.404671964588715127e-03 7.886834760677885470e-02
2.365511319734275864e-02 -5.233020116106779085e-02 7.969268161317977217e-02
1.345016357495576464e-02 5.846672540412067853e-02 5.586486465233519993e-02
2.055897736249129304e-02 -2.528863960728777727e-02 6.071527879949822903e-02
2.056982092802372986e-02 -3.341435029200567897e-02 6.153664064405273137e-02
1.605122471738307244e-02 5.861943598714323272e-02 1.411774465993609340e-02
1.903018792246380375e-02 -2.784404947686258680e-02 -5.405382385790247213e-03
1.905400553817726550e-02 -3.065784759143586058e-02 -4.513377444173016784e-03
2.074252566270384790e-02 5.874146746610697106e-02 -5.263550276943185224e-02
2.045241840096967412e-02 -2.760525056068008354e-02 -5.875628330541360356e-02
2.048245534970694059e-02 -3.077990799134067146e-02 -5.782605080968039601e-02
2.635643758137307113e-02 5.871472385495322965e-02 -3.197021759305052058e-02
2.242911798641289423e-02 -2.420410351968982354e-02 -6.794572698952272560e-02
2.244946837199579548e-02 -3.424133749683733186e-02 -6.706659611495702222e-02
1.796560738771768584e-02 5.755841165923888253e-02 7.718485430883603726e-03
2.365074429284769186e-02 -6.048425167032078775e-03 7.919346691200246369e-02
2.365390989547783152e-02 -5.187348737543118204e-02 7.927609296187743126e-02
1.347336306634838721e-02 5.758288482939695474e-02 5.584865580491360504e-02
2.056692327725473390e-02 -2.495209816513277445e-02 6.102839253558034471e-02
2.057004947066154443e-02 -3.297786619818676712e-02 6.111265867449944267e-02
1.607472727314485095e-02 5.769058769876386772e-02 1.413641371355112142e-02
1.904265229048807129e-02 -2.750109791208377175e-02 -5.059962837168363592e-03
1.904658018166283107e-02 -3.022385194702437161e-02 -4.986887369299530803e-03
2.076264585244658178e-02 5.772184443868311893e-02 -5.261381215386684573e-02
2.046737296820222429e-02 -2.722982044112409739e-02 -5.839392024937062331e-02
2.047208082775209270e-02 -3.030082454741656051e-02 -5.830885665380947103e-02
2.638650657396557353e-02 5.768273944558009042e-02 -3.198145833404275606e-02
2.244177188889595609e-02 -2.382915010405373124e-02 -6.759174489254338170e-02
2.244530588270621241e-02 -3.375619334415613793e-02 -6.751374166292123391e-02
1.797251369993912995e-02 5.805701680472825227e-02 7.787016978840100023e-03
2.364742210689424473e-02 -6.703867688788278656e-03 7.948340043071855376e-02
2.364281739579332520e-02 -5.185103965261106396e-02 7.897792654656221600e-02
1.348055832741679172e-02 5.815159881776858775e-02 5.585943618441469027e-02
2.056169574318161830e-02 -2.566593288243890214e-02 6.134315304644655242e-02
2.055951083402102197e-02 -3.300537941636871864e-02 6.084104516275790075e-02
1.608286820472804024e-02 5.816874684147603503e-02 1.407531839733522361e-02
1.904111940233699229e-02 -2.818332737426398893e-02 -4.678731269052605057e-03
1.903249577550669702e-02 -3.022729340305740919e-02 -5.243061799075299234e-03
2.077065632781249782e-02 5.806081484004993465e-02 -5.264472792816121682e-02
2.046947647381158752e-02 -2.785837795518197879e-02 -5.797669764293722494e-02
2.045549176951899639e-02 -3.026878372694685737e-02 -5.859953647616755745e-02
2.639603916484090096e-02 5.808262888424001180e-02 -3.192549803433131217e-02
2.244035822864964835e-02 -2.444353977978064307e-02 -6.723001340321044239e-02
2.243115172358756126e-02 -3.371717190014944521e-02 -6.783059507434519020e-02
1.795011873335961017e-02 6.436125220095252619e-02 7.987353710523947825e-03
2.361618935800369190e-02 -1.123804513583870346e-02 8.035344304267155735e-02
2.359977351800890411e-02 -5.403965728031145943e-02 7.813079052649563039e-02
1.347387349031448078e-02 6.460451320847060419e-02 5.588898646504603107e-02
2.052034153105036784e-02 -3.033038258685749611e-02 6.222954359457677498e-02
2.052464475779514075e-02 -3.526853834678700395e-02 6.012442412909635436e-02
1.607797179302117296e-02 6.446943779407722508e-02 1.387041706248837158e-02
1.901498907926013615e-02 -3.283877286569047982e-02 -3.586566528068324544e-03
1.898766081256519911e-02 -3.245253583781337881e-02 -5.921281988863213996e-03
2.076997700843574712e-02 6.411929395236048990e-02 -5.275144389112185195e-02
2.044801273970864308e-02 -3.236155317912015050e-02 -5.675915587052760003e-02
2.040247366851910549e-02 -3.240879721469624997e-02 -5.940194116724661910e-02
2.638753460630882675e-02 6.416745468928138074e-02 -3.173272689400441493e-02
2.241999624866064522e-02 -2.885391112465374164e-02 -6.618537883976127745e-02
2.238555303942235675e-02 -3.583006399818433607e-02 -6.872575168001571200e-02
1.789838120929254650e-02 8.771949756747093874e-02 8.386933423912168450e-03
2.339843306705480241e-02 -2.543444689371732181e-02 8.215946297632115147e-02
2.350926015269272362e-02 -6.281342071718931663e-02 7.601498888611235571e-02
1.341454986183621134e-02 8.812145539052294863e-02 5.573610711179810551e-02
2.032645032075353075e-02 -4.490599413795326456e-02 6.395975524671282386e-02
2.044459048503277643e-02 -4.437375962264145102e-02 5.839095571942820584e-02
1.601453452490642082e-02 8.768393306047828073e-02 1.321669531676761267e-02
1.887136258773275399e-02 -4.727672532012938689e-02 -1.354416638248423510e-03
1.887102015925934406e-02 -4.148283343026371028e-02 -7.616858318122865512e-03
2.074074225801525451e-02 8.674538907402704058e-02 -5.310087413950270729e-02
2.033661631911165557e-02 -4.648509970784697742e-02 -5.409486992978074227e-02
2.025267498758287488e-02 -4.124711684438331361e-02 -6.144167369077546681e-02
2.637237887358179211e-02 8.680898165725844939e-02 -3.139294880089771311e-02
2.224030869431115054e-02 -4.297951323438908844e-02 -6.370418366116581410e-02
2.226745851120714992e-02 -4.463065783628472616e-02 -7.102035779275439609e-02
1.788808331298885612e-02 1.427898865436459941e-01 9.509933631742129023e-03
2.389387933838793554e-02 -5.077604778687128118e-02 8.704879329454495718e-02
2.346907664786623826e-02 -8.145085312155675439e-02 7.114534244023751342e-02
1.343950987966768817e-02 1.428953696066290191e-01 5.606198251422789269e-02
2.078813230061427042e-02 -7.101436297541230402e-02 6.964109101275006708e-02
2.032096391772608701e-02 -6.392811630642469822e-02 5.429877834169882789e-02
1.609468274614944683e-02 1.417474163609525328e-01 1.255184602837111640e-02
1.937633330473909066e-02 -7.299310304507411473e-02 5.674126121007816437e-03
1.861320257517518062e-02 -6.098099987897054319e-02 -1.162402794401362627e-02
2.082510376869040059e-02 1.397497700265470377e-01 -5.302828508250101436e-02
2.087517947762873582e-02 -7.150453175937698802e-02 -4.601949232650159871e-02
1.997880256316342251e-02 -6.018020788234679230e-02 -6.629070288658311938e-02
2.639699266681327927e-02 1.396148570609383466e-01 -2.980121782406541797e-02
2.294187928785884623e-02 -6.792603921247319931e-02 -5.538154296725927850e-02
2.199301751994853227e-02 -6.344567379179366640e-02 -7.672541395826648625e-02
1.815709199932458162e-02 2.353845229445756526e-01 1.274660828221918507e-02
2.241401162038175743e-02 -6.202650552947019946e-02 9.830461522235012239e-02
2.295746772309903427e-02 -9.123277847487898384e-02 5.640709386570197381e-02
1.393528972701407742e-02 2.340559275080554835e-01 5.857747974947002945e-02
1.976149158025769514e-02 -8.165215745783527268e-02 8.730563239988153867e-02
1.992916124067339867e-02 -7.330961331648211399e-02 4.022689485946884247e-02
1.659857518372853669e-02 2.301672647667673266e-01 1.464447871358487419e-02
1.802464120936664305e-02 -8.089392746345946961e-02 2.991162150816517595e-02
1.839939015578129222e-02 -6.795258818675797841e-02 -2.842304083912061685e-02
2.146538535766806532e-02 2.251222128544612677e-01 -4.953728413149427467e-02
1.931714856197430663e-02 -7.819518743804909633e-02 -1.658993307834499831e-02
1.976816594569497099e-02 -6.506163811163201416e-02 -8.770554616029535566e-02
2.664374739348129850e-02 2.266049540134816298e-01 -2.289152979642317121e-02
2.235278173326088469e-02 -7.304758997472848847e-02 -2.179786233424607644e-02
2.105942308407837693e-02 -6.533321588403584457e-02 -1.004956107177816804e-01
2.145599121619579108e-02 3.441982270058496773e-01 2.816638328814669023e-02
2.443235570795898592e-02 -8.091309161970983155e-03 1.341801121130350438e-01
2.934201639501465841e-02 -2.026620300210790759e-02 2.842197329739448719e-03
1.840316740508640692e-02 3.499504000997115671e-01 5.080555967642830240e-02
2.527418043856521912e-02 -2.069739505400658430e-02 1.119574886621785836e-01
2.526738401061345840e-02 -1.768608933230808589e-02 -1.053377160979529492e-02
2.002853146107230753e-02 3.425227979042442250e-01 7.423730891547464239e-03
2.535525373601321686e-02 -1.966324931649765517e-02 6.414667771099491489e-02
2.435068220774933012e-02 -5.416814323317531432e-03 -8.369293896944185462e-02
2.409989252284516770e-02 3.286157562040714630e-01 -5.547822914293831786e-02
2.647181206761634042e-02 -1.904063492259933099e-02 2.886887062029597217e-02
2.536695277797107462e-02 3.649191407267160514e-03 -1.534529888747906412e-01
2.712829924020820904e-02 3.279598787020190365e-01 -5.678758615850654223e-02
2.681240711510102237e-02 -1.296574283261087146e-02 2.461097638388753950e-02
2.622649188487202743e-02 8.042324144419410459e-04 -1.645632058090438221e-01
