-2.248210076950332592e+00 2.499108380639489865e-03 -1.667975567668679784e-02
-3.424793768667959148e-01 1.771970396510601231e-01 8.144524729605048252e-01
8.593209541084446679e-01 1.388136681200571876e-01 2.264653681003411023e+00
-2.969904156880665891e+00 5.101523670292725798e-01 -3.864945521594783440e+00
-1.188514609681513345e+00 -5.233640165779601672e-01 -2.435819495410311009e-01
-7.221668116121554570e-01 1.173171973537459438e-02 2.612716594763716760e+00
1.972304125696134447e+00 2.022886983831392316e-01 -1.552228978637841372e+00
8.809047181730501608e-01 -4.261586115118189411e-01 1.764964476127138582e+00
1.689569074092347023e+00 2.458632675459339889e-01 -6.431972922687938521e-01
-2.304474584469180520e-01 4.302350030974425033e-01 9.528772559881339976e-01
-2.400816313856619644e+00 -3.392808873275702242e-01 -7.444547346470992144e-02
9.668855332881441944e-01 -2.749417797760086990e-01 -9.729323272715737492e-01
7.345069010387249575e-01 6.701085050962415912e-02 1.328886079245896745e+00
9.958052736268302452e-01 -2.756044639685998887e-01 -4.383141468167936594e+00
1.682166442990908894e+00 -8.992622766023870839e-02 8.298872189338653005e-01
-2.636203609807592496e+00 1.875790163664866617e-01 1.235496009048243193e+00
1.096466327274246311e+00 -1.791331220333197694e-01 1.437605067037871776e-01
-2.283030668971648858e+00 3.498370172984932580e-02 1.099622585542310960e+00
4.811225886114484096e-01 1.854569201029063197e-01 -7.947762912278807934e-02
1.308975077249216579e+00 1.412913054147284242e-01 -1.217979387723200357e+00
-4.995443351449861957e-01 -8.130880646556604141e-01 2.051211112101306799e+00
1.097373267804444996e+00 1.017604295246832546e-01 -1.770028795417865508e+00
-2.558607590460594272e-01 3.069481458625590298e-01 3.338681526735783334e-01
1.983254520631017703e+00 2.797512846857798108e-01 6.000773045131593264e-01
-1.783856095378981710e+00 -3.091670395014148864e-01 -2.233204299430017858e+00
1.754140373707011813e+00 -5.933547814632366135e-01 2.213705565043102563e+00
-8.349919333288267076e-01 4.936610537443815727e-01 8.646931302796587726e-01
-5.639041766707031389e-01 3.672778167863212651e-01 1.533440897549510407e+00
3.433359501444382733e+00 -5.848381524351052851e-01 -8.273535591958431912e-01
-5.305779175528349434e+00 3.822308263428900177e-02 -2.035103083224750087e+00
3.820568252423999223e+00 5.452905264716819689e-01 8.578753938332707163e-01
-2.322702031873323136e+00 -1.575107323658068298e-02 1.673324569961991859e+00
1.272846090388637830e+00 -3.468631848424851838e-01 -2.609946815752282490e+00
1.186457153557479577e-01 6.409443860949531890e-01 3.211410698936179586e-01
1.465072273996818941e+00 6.278301101892072023e-01 1.717031113007377430e+00
-3.351904427650018725e+00 -9.100566479111552587e-01 -8.107883308799165301e-01
-5.986040874962846869e-01 4.481527388424214053e-02 -1.475901123618181154e+00
-3.091652464273963563e+00 4.127084590741877251e-02 5.042435397781376283e-01
2.355642082628913503e+00 1.564288091159765914e-01 9.341573657899669980e-01
2.997636600107700944e-01 -7.475653823843592116e-01 5.616486681453425334e-01
3.571356044087400594e+00 -1.645459661223908077e-01 -9.946706327646863410e-02
-1.331366198593856742e+00 5.600525585856278576e-01 -8.326846742090181497e-01
3.185841568893433423e-02 -2.330479949147867824e-02 -2.104668508008104011e-01
-3.537876260152969521e-01 -1.224142250821789873e-01 -1.597685239770584298e-01
-1.292725631732099201e+00 -4.564216341657539866e-01 8.310277956474532157e-01
-1.729479958843886944e+00 1.484341714005218138e-01 6.402923489222821507e-01
4.881805382085674938e-01 -8.338848518877145510e-02 -2.841566029265391036e-01
-2.536683727673261668e+00 2.995191365165272290e-01 -5.366066424603137541e-01
1.279288818410693418e+00 -9.460079802776013569e-01 -4.014644075121437616e+00
3.741645794780932843e-01 2.360687246843337361e-01 2.026224130330044559e+00
3.058011727707998784e+00 -4.325341929895270415e-02 -1.802528543077871470e+00
-3.606313570921780287e-01 -5.548121344534735488e-01 2.260700700559628906e+00
7.778967461610751810e-01 3.428513486625308637e-01 -7.970205420226244009e-01
-3.286911277705217849e-01 9.131298675485399752e-01 -2.692319201123656858e-01
6.807253144478908613e-01 1.108032126173131293e-01 5.273782626452667710e-01
-4.897694267893920594e-01 -5.684372840161588947e-01 1.950444629587662515e+00
-9.151675433837335172e-01 6.483807474604789955e-02 -1.867983696730578291e+00
1.813452663356411643e+00 -5.558695932811866802e-01 -1.568960126465492655e+00
2.030874506944657210e+00 1.905131873477673363e-02 4.281213898876217727e-01
6.700299557647168003e-01 4.542651762361174517e-01 3.735972499428699578e+00
-2.117755493495523389e+00 1.655659687703226191e-01 2.107435831043160679e+00
1.777902724924463440e+00 -1.007472391620337415e+00 -2.589338710959939061e+00
-2.174934999411809233e+00 4.469385986898244401e-02 1.106972023120365023e+00
-7.758457616742256979e-01 6.111520921626020231e-01 5.268927045637966655e-01
-1.406335198749058824e-01 -2.932315805631650618e-01 -1.157634425700522218e+00
-9.283079100999082067e-01 3.488034605557366885e-01 1.293191974598808969e+00
6.584351802934474973e-01 -6.021126450491295357e-01 -1.663610378978199522e+00
-1.364267785168233660e+00 1.451607134104794250e-01 -2.633528731255243005e-01
-9.733311850438973734e-01 3.791441849841162837e-01 -9.149878350691519335e-01
2.149819812421476239e+00 3.945044230207792046e-01 1.968985732622391849e+00
-8.601448948641925163e-02 4.304457911688890914e-01 -9.361964567654958991e-01
1.896362056310485933e+00 -1.995596781583035273e-01 -1.835359223687522690e+00
-1.141854471958147377e+00 -1.340283220800520647e+00 -1.847729419607542889e+00
3.215339722201011163e+00 3.882076433212315880e-01 -5.709585844663974535e-02
2.850960171257910236e+00 6.207646706027785122e-01 2.232952312821880003e+00
-7.022174522862950630e-01 1.500350518447478854e-01 -8.454840072825916542e-01
-2.687246697574514620e-01 -5.235607311589234314e-01 -1.889082137382473159e-01
1.576912675714898793e+00 3.891756213852733959e-01 -3.253070166844860722e+00
-1.188915364282550735e+00 -6.702091189908926383e-01 5.779786653974915422e-01
-1.443940400734091412e-01 6.285871833701698330e-01 6.578525746507998262e-01
-6.509898486942083951e-01 -5.308556370953956272e-01 3.977405164597939691e-01
-3.229877650956698876e+00 4.580708092118311869e-01 -1.068474313802004971e+00
-1.083691398137094586e+00 -8.996343134759251514e-01 1.850784006275908888e+00
6.101635223786293638e-01 1.191250328043062190e+00 -1.082886153073713054e+00
-1.293041214749879542e+00 -3.289016228937927805e-02 -1.378761879016562109e+00
2.554068213853192937e+00 5.997929994412311006e-01 3.285896515793518713e+00
2.738474059481129652e-01 4.375688984528754433e-01 -5.027612278711357519e-01
1.927133280302292251e-01 -7.117317454023706080e-01 1.207948352260879155e+00
-1.530887380203625137e+00 8.103458772619540063e-02 6.120138115797366662e-01
1.950236370013438192e+00 -3.202717104680986582e-01 -2.035825309008481299e-01
-1.389481041645627801e+00 -4.541899978403803328e-01 1.174483901184151691e+00
-8.781797685285539501e-01 1.096118362954680903e+00 -1.565710390926014495e-01
2.473178807441535287e+00 -1.954525118478429163e-02 -3.446217728015418258e-01
1.101978672650033353e+00 -2.022969977869009672e-01 1.380596094342355640e+00
-4.919014882494822660e-01 1.567924743548362865e-01 -2.574295247343817650e+00
5.939617419109335383e-01 -1.683280810689106455e-01 -7.913329737477695636e-01
-3.215562144587343352e-01 -2.616217204798077997e-02 3.091819417915961044e+00
8.233101942819927022e-01 4.470145197850527996e-01 2.716645007062301054e-01
-2.884791089637990247e+00 -8.540718616763414150e-01 -1.226014037734824313e+00
-9.654208065215341694e-01 -4.218058330958343038e-01 -2.186725741337838813e-01
-7.676888499763543372e-01 6.097813343811937514e-01 2.765469728226107801e-02
-1.497251180744206378e+00 -3.063086054175648831e-01 1.261301539400764948e+00
-4.702053493377798543e-01 -7.110843605127478706e-02 8.186996284728144113e-01
6.700444533245339951e-01 2.237539206461919838e-01 -3.005046728096174014e-01
2.312304438502640558e+00 -1.192636787777749729e+00 -1.069160572952678967e+00
7.461912557931875689e-01 -2.231520789309751340e-01 -1.327731538323404070e+00
-2.457648481257120321e-01 -1.575620688531220379e-02 5.417507550339805134e-01
1.566482780724861579e-01 9.366286796043862828e-02 -8.794333312662523383e-01
8.759682438244917879e-01 -1.530540030076685820e-01 -1.735175534138534870e+00
-2.239877492883599164e+00 -5.276165621677708639e-01 -3.824730292892099648e+00
2.047933394053938372e+00 5.669782977827982906e-01 2.993008526628490706e+00
9.504773812360069185e-02 1.548222067453954298e-01 4.852666158858895407e-01
-1.594891110448820315e-01 2.840753185884928311e-01 -4.530160988913210396e+00
-9.753189131299970782e-01 -7.786023200399326827e-01 3.556808616794731037e+00
5.780256330533182219e-01 1.137076811932107523e+00 1.458606329607331720e+00
-3.364488008551871356e+00 -3.326164856323750585e-01 -1.041743619896444040e+00
-1.049400171116991798e+00 2.272391465733069327e-01 2.481359882711836051e-01
-7.620668850429308527e-01 8.302676872509860972e-01 -1.502573369060328234e-02
1.389738702930458647e+00 -3.243675398406280497e-01 1.996106945293231183e-01
-2.061035109727624270e+00 2.830614860064395999e-01 9.342267775962452836e-01
6.454843528159277533e-01 -8.751178711699221513e-02 1.065991452002798656e+00
-4.706709522695659564e-01 6.953956528909527313e-01 -1.598654789864558223e+00
2.017464099271534028e+00 -7.394739377928122304e-01 -1.495457807067851752e-01
1.362503276486106252e+00 4.467771468581489547e-01 -4.639812832744268922e-01
-6.527213393745469050e-01 -4.186411517498200285e-01 1.883040151449951294e+00
-1.067505071332391031e+00 -4.050293469194240492e-01 -1.068762108005826716e+00
1.891347575363263811e+00 3.739111609469318864e-01 1.642556448254531842e-01
6.821365037466343706e-01 -5.879001017991343225e-01 -1.198905296248381269e+00
-6.849694752575760104e-01 3.820512052489181271e-02 -2.083879272621409484e-01
1.485089217246976734e+00 -7.959422376496039231e-01 2.473585295105142912e+00
-5.051415637383939172e-01 7.671985879525149432e-01 1.513853818627498293e-01
1.018210587822664159e+00 -1.461642439360900381e-01 5.683225236099348487e-01
7.057641871861369820e-02 4.159086167420109614e-01 1.853116675515012579e+00
-3.333134175727347159e+00 1.059129771791220281e-01 -1.731557231365384864e+00
-1.755365915302686541e-01 -4.320345490813056744e-01 -1.934587310749338318e+00
7.370346600458105302e-01 -1.545961439344554489e-01 1.795573695962058069e+00
1.841664820806390601e+00 1.670921979501608090e-01 1.430183126480910394e+00
8.805585361165088054e-01 5.150195590087190967e-01 -5.034360501319551595e+00
-2.366374861505443850e+00 6.788859780031487601e-01 9.499315302644572023e-01
2.966810722147329216e+00 -1.151499758449731209e-01 -3.168398152206248208e-01
-7.625650123685043247e-02 4.244811015790260211e-01 3.791855414182198292e+00
-4.458837404583787523e-01 6.210071095609878133e-01 -1.929730833862391970e+00
-4.180144198359088126e-01 -8.806509977286212099e-01 -2.504001011220179151e+00
-7.544938305905852793e-01 4.932149380170901543e-01 3.220845826631072661e+00
-5.009130886262109783e-01 -1.648729056477256094e-01 -3.462980210288144622e-01
4.417855092844522602e-01 2.449713398495991790e-01 2.486879666173952286e-02
3.453394546282746447e-01 -6.004507386946533742e-01 5.028617945388669241e-02
-1.042057916868346368e+00 1.386322556100371806e+00 2.431642999532241944e-01
1.330327637112871386e+00 -9.557094794203275789e-01 1.388070999616770607e-01
-8.882084917146704228e-02 -8.607917819464905307e-01 -1.502616860483865224e-01
5.252942828275037890e-01 1.171731586049162388e+00 -9.802601266583330086e-02
-1.402798744822133514e-01 -5.242216976721163491e-01 3.133995455937590435e-01
-1.809705905785605751e-01 -3.895244110089910450e-01 -5.467379255738347155e-02
-5.811289948850806297e-02 8.421704846239759235e-01 -5.383853081468386037e-01
6.363184280905991308e-01 -5.722222491576962611e-01 5.705611918522324189e-01
-4.573158193391657633e-01 -5.104146609115383093e-01 -4.702178680033819447e-02
-2.383636977016756475e-02 1.138663963865325313e+00 -2.177204696187535760e-01
-6.118215704868232852e-01 -5.677262775048088628e-01 3.348915123220810308e-01
1.148071435000073137e-01 -2.980178417554339987e-01 4.550276480816359825e-01
1.456577383513945279e+00 2.081599715652877602e+00 2.525181078085658726e-01
-2.227088780068802176e-01 -1.225703687991771318e+00 -1.489238222952229407e-01
-1.572984207212011931e+00 -1.037391456778060217e+00 -5.261513591878297369e-01
-1.769159202680674614e+00 1.013924570372571221e+00 -1.007056917370865001e+00
9.561238617363354564e-02 -7.075529706180896383e-01 5.650937459701941279e-01
1.125874993339713193e+00 -7.893671081405478906e-02 3.427185274756849864e-01
-2.478966462176929397e+00 7.183165235625041944e-01 -4.416239685217071553e-01
9.230769945919679031e-01 -6.558669193176864809e-01 -7.496220879942061543e-02
1.826046549218037995e+00 -1.407572300938719767e-01 1.560829123981006816e-01
-1.182727573570763191e-01 1.691289878822512360e+00 2.575655878507454588e-02
9.485785664381385374e-02 -3.699869004816687124e-01 -6.461872575358640347e-02
5.480581938981676782e-02 -1.115453446030424622e+00 4.717562871526173041e-01
-1.755109875214487580e+00 6.355888472758879360e-01 -2.405556735485998132e+00
3.381584658807028632e-01 -3.344418412217035064e-01 -2.844222671821317050e-02
1.385240060952375618e+00 -4.879530264965043496e-01 2.601960918605712436e+00
-6.798776841004396942e-01 2.336089580218903450e+00 1.630872077368838546e+00
6.835273632683724898e-01 -1.328446238881570096e+00 5.547269968975834242e-01
3.027994645696411857e-01 -1.000843544543182251e+00 -2.089960151249879772e+00
6.128982000615472714e-01 7.110436113519451595e-01 8.604869225077660388e-02
-1.658556093094460948e-01 -2.301175821303415026e-01 -2.006007622607022256e-01
-1.257696940238761663e-01 -6.616164337928687189e-01 -5.883525411364693980e-01
-3.830023746992416989e-01 1.659595932654447825e+00 6.391709980525916990e-01
1.330890633713275317e-01 -2.685541631453052247e-01 5.593246238419613547e-02
5.339612493005141403e-02 -7.222054992706535836e-01 -3.318564002250359302e-01
-4.253078557709937257e-01 2.277429925061818849e+00 -8.269764110947821489e-01
-4.091157011616597394e-02 -2.236082091468023947e+00 4.045987445135561522e-01
3.350619910844541138e-01 -3.393219658293702423e-01 5.082970948951215373e-01
-4.742368804907273194e-01 2.411348946547779981e-01 -6.897712137882923145e-01
1.121471465544012336e+00 3.936587683793424386e-02 6.619348864113150377e-01
-4.178743711859755905e-01 -7.483604456005316097e-02 -8.787952319070591045e-02
9.520414144716209393e-01 9.633671348822328007e-01 1.750834031436845351e-01
-2.706538349875522442e-01 -1.407696362918047228e+00 1.598864786862199683e-01
-9.157596201020723470e-01 1.166324173846424728e-01 -4.837273672879860431e-01
-5.600278222012908813e-01 5.862983678146931332e-01 -1.581201307871697992e-01
7.653874685274777434e-01 5.441984209150931839e-01 4.598018275660407106e-01
-1.454907324516123701e-01 -7.987184360710939401e-01 -2.127862210499440465e-01
-3.955993063168268264e-01 3.152124977890829349e+00 8.749142954048769738e-01
-1.731242193509299199e-01 -5.042395485140271916e-01 -6.105799557038338321e-01
1.130096031316659477e+00 -2.101013493581926461e+00 -3.267250797107025262e-01
-9.236296963708383601e-01 -1.149694539914245972e+00 1.144001360068895856e+00
3.652256730410661234e-01 7.334917149442521378e-02 3.579685204345945948e-01
2.649236821558661470e-01 1.110918401623432139e+00 -1.316472053691173372e+00
-7.244374341439012710e-01 6.627817434878329195e-01 -5.797038476596729772e-01
4.721802165360111658e-01 -3.177773029565674756e-01 2.857005006380104462e-01
3.699869123471613008e-01 4.922931360713267424e-02 1.895194385476073329e-01
5.970750279809422523e-02 1.268902651323851050e+00 1.504807888055720078e+00
3.439240601115174378e-01 -1.004782184727312622e+00 -1.874096696786380356e+00
1.487698785094702103e-01 -3.760349405450362781e-01 3.970565102569235671e-01
6.087973992738593410e-01 1.590602104919902615e-01 -1.412846718662798651e+00
2.230817834107338138e-01 -1.852359380814628587e+00 7.822754758838268430e-01
-6.572686357233741283e-01 9.650288631454779775e-01 9.596877502627050305e-01
-1.802849588475085252e+00 2.701600555192688269e+00 2.858257154003780443e-01
1.420387097435349633e+00 -2.263884717904518951e+00 -5.745989836915224025e-01
3.928594743937470213e-01 -1.956906041249230344e-01 -1.110809194539030820e-01
-8.896979669959681480e-02 9.754053231096984078e-01 5.889703109121526836e-01
1.387113354720166392e-01 -1.050755398232086080e-01 -4.020690862986304737e-01
2.172453583619711193e-01 -5.872508431195866407e-01 -2.461997202918642103e-01
-5.906482177653371579e-01 -5.028769900589216135e-01 4.696078416802613731e-01
2.801992140651847762e-01 3.273135873609875901e-01 4.341183416288409980e-01
4.352125928396973764e-01 -2.370039151614378170e-02 -7.647660047571234188e-01
-7.369248319561029215e-01 6.690516744607180044e-01 -1.400703196669814687e-01
2.149733469590078272e-01 -6.749100159921677111e-01 1.320541957327368010e-01
1.642145006110089511e-01 -7.675590691099998253e-02 -1.624408258392928683e-02
-6.356805098315820857e-01 1.070464654734912813e+00 1.928947567959620635e+00
9.467858674664761942e-01 -7.664419596387491707e-01 -1.772818985850610041e+00
-2.122116141066858752e-01 -8.014779881229356917e-01 -3.521474350525419794e-01
1.276486954417476838e+00 5.441079732472058339e-01 -1.308151143387726201e+00
-1.218674419499310879e+00 -8.485946731845011026e-01 1.677419034204269188e+00
3.683336840123891953e-01 3.935054991249762324e-01 -5.326278044746739493e-01
-9.770280173384966460e-01 1.778088779438861344e+00 2.350996786134507133e-01
1.205529744854835883e+00 -4.837232500858124062e-01 -9.936673636453963177e-02
7.836561347864146043e-02 -8.734099871298255380e-01 7.466473406349383168e-02
-4.865651098563530397e-01 5.682068817629719604e-01 1.425879582644553167e+00
8.674595683561471537e-02 -7.664398341396090331e-01 -8.053977830170282459e-01
1.597938136344323468e-01 -3.079889355516426397e-01 -8.118291270833855044e-03
8.645211224147919538e-01 1.229665338424414278e+00 6.318464006263093680e-01
-5.409882957951155369e-01 -9.311598588104668117e-01 -3.787816871684448472e-01
-2.957627111022604893e-01 -3.114180837778857125e-01 -3.932456475663718143e-01
9.060796418240242289e-01 3.898444681078546026e+00 -5.216776799572131473e-01
-1.375664383629090715e+00 -1.200305198262457296e+00 6.912307380857778405e-01
2.372238352756843582e-01 -2.653469203253844277e+00 -2.897378925919764647e-01
4.797829049594177775e-01 1.194257819416207678e+00 -8.214211035524803250e-01
3.451592874188973425e-01 -9.630685197873285475e-01 2.769022633538018585e-01
-5.104497757736563557e-01 -3.736277422585532193e-01 4.260645166698866504e-01
-5.178854642716110845e-01 4.173485248647930135e-01 7.506260456636884015e-01
6.166111763176713723e-01 -7.861460486112310520e-01 -7.936376033554957132e-01
2.669145408327413538e-01 -8.499610552583902745e-01 -5.806950190962120173e-01
8.397962507378053942e-01 -3.315539693595579429e-01 3.152074899615744386e-01
1.458922575040577652e-01 2.921505168909042105e-01 -3.720568472728418286e-01
-8.876264540990259633e-01 5.502356702873454353e-01 4.519137725537429595e-02
-3.394633351995652859e-01 1.540928364104483306e+00 -6.252573783731971702e-01
-1.105171415543113600e-01 -4.693157533079910237e-01 2.712005774692460847e-01
8.612619799230314399e-02 -7.071402812395577442e-01 5.714966209373160133e-01
6.140109383318002045e-01 1.256514995644892885e-01 -2.631401391541574597e-01
-5.627445948853364577e-01 5.998772411921136083e-01 1.001384315466107289e-01
8.054149189143267051e-02 -9.560737954427791507e-01 1.246651332880444052e-01
5.423360317083325555e-02 1.653943971484557629e+00 1.462121201199002130e+00
-5.671794351237030574e-02 -8.792045440850932980e-01 -8.063802136088922268e-01
1.950904029684492613e-01 -1.072924372798804704e+00 -3.759774892670435520e-01
1.863772686976795656e+00 -3.134864468659159797e-01 4.217232276672104874e-01
-1.716408927520768124e+00 3.549357530760985924e-01 -4.181673109667647381e-01
2.942596403215893552e-01 4.019252896407676801e-01 -6.905311713918549366e-02
8.312776918478776977e-01 1.596703375066836017e+00 5.528020367570825044e-01
-5.658393333729052621e-01 -6.097524421531050898e-01 -4.005797139410489649e-01
-5.377658956612596519e-01 -1.162509962777773964e+00 -2.473037165323557218e-01
-1.088566728424764651e-01 9.788435328107958355e-01 -3.862677075568220486e-01
-6.495254481968597560e-01 -5.679793099025127745e-01 -3.663333948099709581e-01
1.114813013765934002e+00 -1.993729332660949538e-01 4.180692639880869699e-01
-3.053700094123758646e+00 5.266541534951776349e-01 2.156013295916651695e-01
1.248223773135578085e+00 -1.368532250153060570e+00 1.427901007922911081e+00
2.124098550659043738e+00 1.241344359981379153e+00 -1.769803335930726362e+00
-2.306776711629290766e+00 1.086927479310258793e+00 5.942223614630890438e-01
5.033773075941567754e-01 -2.190116494667543323e-01 -1.024400214854094493e+00
1.489767159511311334e+00 -7.102217998602011750e-01 -3.727760855825879016e-02
-2.039641607110205257e-01 9.561865493770276281e-01 1.182898238045018147e+00
5.186996542667543508e-02 -3.556554881697497894e-01 -5.841587993845291926e-01
-7.503888184770124425e-02 -2.787369380276086828e-01 -1.094311879130571263e+00
1.491989223531916764e+00 -4.756069416595618549e-01 8.541726752242642107e-01
-9.868056935092051063e-02 1.544544547777000787e+00 -1.200850481783526824e+00
-9.860378026112819327e-01 -7.811072580016449329e-01 4.179951318779158154e-01
2.062717445085399337e+00 -1.804042780231128518e+00 -6.837725971594963426e-01
-1.305721141134075669e+00 2.298899354239992476e+00 2.270614186258588241e-01
-9.024354267086192039e-01 -6.315901823457488184e-01 4.066403938167106880e-01
7.150364316059669711e-01 1.541917295356981299e+00 -7.330357359175563303e-01
-5.788341350771553095e-01 -5.322285719438206719e-01 1.929810055483773823e-01
2.607738871061711095e-01 -9.282542038614982616e-01 3.163638393528840353e-01
-1.866155516817791238e-02 6.475216773669303372e-01 -6.745196119887620911e-01
-4.259339601185629931e-02 -6.522417809288589829e-01 1.969761325954610953e-02
-4.180518776388155722e-01 -2.694357513245435598e-01 8.770803231829154001e-01
-8.907069879042062155e-01 -8.133856170237834249e-01 1.028682136917913104e+00
6.330762469908646217e-01 3.820890395345752921e-01 -1.390375537126303129e+00
3.873928340072412269e-01 -4.990213384201083180e-01 4.424154347259507958e-01
1.451148135158677910e+00 -1.693820515089045076e-02 -1.652443140944471978e+00
-9.262535496845902827e-01 -1.601375685751475153e+00 4.866177642498226152e-01
-3.877157439107810077e-01 1.135996314910315164e+00 9.605743905818604489e-01
-1.449716173576363065e-01 9.556691706315820767e-01 -2.131169069440073116e-01
-7.625580326984646717e-01 -1.371131847880215915e-01 1.680779281115540869e-01
1.105553515677110354e+00 -8.573409096652748751e-01 -2.024386007005940513e-01
4.517753480016202250e-01 1.335421413691824988e+00 -8.680168848354450351e-01
-9.447721618027897783e-01 -3.057559272663032957e-01 9.201608649042185561e-01
4.316191717976582964e-01 -8.781631333725874455e-01 9.554276193437916120e-02
6.479213780279398094e-01 3.087360792193166059e+00 -1.391975686386146549e-01
-9.362143537432776608e-02 -1.001043921574249929e+00 1.072215612466350443e+00
-8.869062757953907195e-01 -1.765900153615282520e+00 -7.563021505920621834e-01
-6.843279191913573811e-01 1.259264615606943138e-01 -6.095385948496625517e-01
4.920250747901491195e-01 3.611133130851822415e-01 -8.319075979678483002e-01
3.092254211561442645e-01 -6.737145418594148172e-01 1.313699209459119999e+00
-8.867642414010008522e-01 -1.159333753046509763e+00 1.403690822946061623e+00
4.421971428489499534e-01 8.072520934551876692e-01 4.595312538612221775e-01
9.680361725627625868e-02 1.851122405196463649e-01 -1.194052624710210786e+00
4.799404706335770321e-01 -1.040565515206859359e+00 -1.623194255271251052e+00
-5.018591059400658860e-01 8.894422045919898601e-01 9.216993317193376001e-01
-2.544205497191334153e-01 1.439405970910154764e-01 6.938326833904557844e-01
1.080421404605933944e+00 1.797945717297352086e+00 -7.181985591205188868e-01
1.720343565485983883e-01 -9.604835298103289176e-01 -2.781660255846150065e-01
-1.322827262761425260e+00 -1.093474697298460363e+00 7.265535942348122500e-01
1.299653380971989236e+00 1.379588342662290579e+00 1.268429151830643420e-01
-1.226635011188307978e+00 -5.958682746963441801e-01 -3.243537595341480784e-02
1.264626205244583357e-01 -1.004658354278761934e+00 -1.363633111195547976e-01
-1.623549404887699055e+00 1.048387672868623000e+00 -9.650916885175627735e-01
6.416069499407104360e-01 -1.434381324349966347e+00 4.228062254567803713e-01
8.985803331188342291e-01 1.559606950286980265e-01 2.502079505262195802e-01
-1.945517396227486984e+00 -3.317004049587852776e-01 6.456163744811673766e-01
1.177217193116461669e+00 2.257450275973407194e-01 -6.515078801141687137e-01
8.721142861474149299e-01 7.474946458325693044e-03 -1.874667708531490007e-01
-2.828605783660862460e-01 -9.738327230813137447e-02 6.951890747872209175e-01
1.242997406531971549e-01 9.516424331495443312e-02 -2.399674260344459853e-01
-1.659515638322419662e-01 -2.218980523016986783e-01 -3.481313395611032036e-01
1.106898009373689540e+00 5.493435907149022412e-01 4.141304104308769496e-01
-3.416915201786817624e-01 -4.226051371137131696e-01 1.463355644332189343e-01
-7.598271823040594342e-01 -2.261764074621479548e-01 -4.596417401009031956e-01
3.262146899492147867e+00 5.371695316840359169e-01 -5.689778191735701540e-01
-2.247072004352814290e+00 1.941443805977183246e-01 1.910205346954854111e-01
-9.551213995169520743e-01 -5.250074260814967531e-01 4.151698143335167401e-01
-8.762531096110137696e-02 6.034086252016113150e-02 1.975766815699728340e+00
6.628040222597899600e-01 4.106185709810539208e-02 -1.558404809562155435e+00
-3.825914698793937418e-01 -5.218160712404715795e-01 -4.926132435696140011e-01
4.053031136983431537e-02 2.752481995715657659e-01 -1.349070992647482647e+00
-2.679692931609860551e-01 1.691268426430370120e-02 3.582496990113067659e-01
3.948417471514257260e-01 -2.577407412622763072e-01 1.060798109114591270e+00
-4.295462176290243406e-02 1.414951127226397709e+00 -9.302705749970126003e-01
-5.163903736404718003e-01 -4.353885613848678116e-01 2.818107545920538470e-01
4.872456179673232413e-01 -6.481461150469129961e-01 3.948669871042014279e-01
6.765536489217418570e-01 8.640203591366972802e-01 1.720653865138261018e+00
-5.166104375185582853e-01 -1.542642832916918394e-01 -8.825764651826548679e-01
1.246228723185343057e-01 -5.265036896280532730e-01 -1.203564656203953476e+00
3.806443423671304060e-01 1.192544363270284125e+00 3.072634992739509130e-02
-4.682576678168803852e-02 -1.051479134430224338e-01 2.671225106513155367e-01
-1.077618731068339386e-01 -7.070372479580382397e-01 -3.909999171359073156e-01
-2.273950774350876891e-01 7.700776751538969123e-01 6.730546298480195588e-01
1.120836825256506408e+00 5.623311695190280624e-01 -1.910362283598612265e-01
-2.622936030386666673e-01 -7.649235899020743190e-01 -5.614344312497339118e-01
3.121871490434716456e+00 1.566021959330351265e+00 -8.279429390852449666e-02
-1.479424430115773959e+00 4.658155336611882191e-01 -1.439297356498316360e-01
-1.283297943877368397e+00 -2.154494187170443276e+00 4.069270751936405195e-01
-2.582728823067810708e+00 2.121361831376911589e+00 1.348744261362893049e-01
5.144213756777209490e-01 -1.417153727690265264e+00 -3.815565713246176216e-01
2.005009212178785916e+00 -3.964161049629631450e-01 2.557853117961943479e-01
1.936297675899112392e-01 -1.081873110980320352e+00 -1.759169615682711907e-01
-2.453868290868498336e-01 6.753793589996233138e-01 8.354589239651546428e-01
3.248494382056910101e-01 5.057672226947094174e-01 -8.902108160759345523e-01
1.263578873833116845e+00 4.294718193638242809e-01 1.194779064407663238e+00
-8.472017963129570006e-01 3.345060751845165825e-01 -1.179421206429532631e+00
-3.233526342402637255e-01 -4.874034514697642706e-01 -1.406283069557912047e-01
1.286154243704366928e+00 -3.398399392247810624e-01 7.519456075205188661e-02
2.405606867058640574e-02 -3.339734572157713188e-01 -1.301270246428216648e-01
-1.243509066322129542e+00 7.860252294560536868e-01 -3.189552582536546443e-02
1.877794803560829173e+00 5.450335580306369110e-01 2.280059347473496700e+00
-7.023406872100315113e-01 5.635548910262722089e-01 -1.836988511651534317e+00
-1.228345546783367048e+00 -1.121296734354197078e+00 -4.040306284026574657e-01
-3.239063052268420506e-02 1.419431227750958868e+00 -4.840669542965692074e-03
3.231004581446206281e-02 -1.002983414244516425e+00 5.882493825493484430e-02
-2.362582174657665846e-01 -6.346021188890484943e-01 -1.248355550407165282e-02
-5.091035111140826963e-01 1.479081298237543862e+00 1.346845589329776161e+00
-2.211120402895965648e-02 8.988471582418005035e-01 -8.665600197067417909e-01
8.145817053593944479e-01 -2.076010314579549210e+00 -8.655811849966399407e-02
-5.088850532245166036e-01 1.129330642550018027e+00 -1.348536901910613039e-03
8.076697886591039932e-01 -1.068891775871261274e-01 -6.334313903564964265e-01
-6.480107849439653567e-02 -3.622618621207136513e-01 4.187751864043853800e-01
2.215335755152779418e-01 2.041598124021337668e-01 2.624274092164946559e-01
-1.544036980237912360e+00 -5.690648192317748766e-02 -2.992180943754600975e-01
9.259719823060885702e-01 -3.621429558367554868e-01 2.954227516323590930e-01
2.446052580240247742e-01 8.062848382642355816e-01 -6.689717188155146488e-01
9.307682789107873944e-02 -5.947680438845831530e-02 5.245958421763043944e-01
-4.592401624007145244e-01 -5.187685524107843449e-01 2.874277087571099898e-01
6.805781531239780691e-01 8.445754098282121092e-01 -1.418017899095326273e+00
1.495639777517463465e-01 -3.923431406148649714e-01 -5.731712971936309131e-01
-6.792023188771239006e-01 -2.090473031196702358e-01 1.581978222803972045e+00
1.791730171199336752e+00 -5.846363813520465413e-01 2.173139409290504975e+00
-2.092911885745118994e-02 1.052622507462699808e+00 -1.849047379588404372e+00
-1.383662733531444644e+00 -1.404917979407910300e-01 -3.437998949401528392e-01
-2.589493390021502250e-01 -1.546173278694550568e+00 -5.047528629457218585e-01
-1.779461910052746454e-01 2.816489432776867474e-01 -5.159491181807043247e-01
2.773791152465014953e-01 1.282262236454370985e+00 1.108294472346969428e+00
-1.281197645086604275e+00 -1.205121368497342971e+00 1.552687284008285928e+00
-2.135594994083146458e-01 -3.067806799454624866e-01 -1.561447477205634371e+00
1.594758183249679995e+00 1.293977425645826962e+00 -2.687023874563447268e-01
-1.778169342272972742e+00 8.224411515764953329e-01 -3.467633679370507593e-01
-1.740517475828649574e-01 -6.297001542411599928e-01 8.323682002004861857e-02
1.537375843274626064e+00 -6.390016370146461844e-01 1.601088460372390720e-02
4.736433914073971962e-01 1.993882109032727001e+00 -1.611245175622931569e+00
-1.229245341714498840e-01 -2.119200288868888116e+00 1.267023606561607174e+00
-3.094266881222429433e-02 3.440717613220649618e-01 -8.895100894001917169e-04
4.520633917663978707e-01 6.896564141344505572e-01 9.697055186160885576e-02
-1.311526516089518424e-01 -3.915209553434073619e-01 4.476740016797853272e-01
-1.920095735496616385e-01 -4.300086858556517733e-01 -5.462372329639277879e-01
8.272284915313115050e-01 -7.485288393226596781e-03 -1.305400790896253937e-01
1.219597324886989576e-01 -4.681132227999071915e-01 -7.640307393625000998e-02
-1.048022378337083893e+00 1.967032560828760879e-01 2.784358508321058689e-01
-1.074629346616687631e+00 7.577457877803492892e-01 4.731711245708303260e-01
1.113999234742699684e+00 -4.354976443157534405e-01 -6.241578608843536546e-01
-1.545402070861809918e-01 -2.567888613654591978e-01 -9.426072269119067926e-02
1.391374114278928431e+00 -7.305503808864060034e-01 2.032533389489898923e-01
-9.262563555739271592e-01 1.859618467398926889e-01 4.342587963342312563e-01
-5.273228154315843241e-01 5.669898600930221022e-01 -6.178409442092611670e-01
1.114618613191142416e+00 4.558843340871543415e-01 -3.645809911153481409e-01
-3.662834172478621753e-01 -2.650299500795361141e-02 -5.033367133680632932e-01
-1.201180050514768283e+00 -4.505314382855492017e-01 6.318379951242323322e-01
-7.891522061554647749e-01 7.641981360423653058e-01 -4.383101321475098566e-01
1.158058798050257465e+00 -5.885377693682025679e-01 2.803211402279770503e-01
-4.370408332009798613e-01 -3.082391427642363624e-01 6.214643496057525862e-01
-8.735457934772128397e-01 2.728874905898650560e-01 -2.566387150921007887e-01
9.262530930755286107e-02 2.223934462433290182e-01 -1.387149060946137880e-01
8.666356516802897758e-01 -6.451936172582604101e-01 5.905786729303890148e-01
2.369794308108048586e-01 1.184130889641936690e+00 6.951829773821494030e-02
9.136901543600313147e-01 -6.814367963205016920e-01 6.911416153653071603e-02
-8.013362272433646183e-01 -4.715135449274918678e-01 -3.075581407045606674e-01
1.441000256380733369e+00 9.018193701559420461e-01 1.050919058233612979e+00
-1.798668127793127347e+00 -2.816946566236989691e-01 -2.683753232138082478e-01
8.941942641002142977e-02 -6.736189293112433418e-01 -8.760319455548533085e-01
-2.860129524612524676e-01 -4.295637066786728298e-01 -6.049596734124476072e-01
1.548094374930752970e-01 4.664646883290912704e-01 8.361889096740666716e-01
7.579410129238661753e-02 -5.904619928805692197e-01 -2.068369496719225653e-01
-1.760542207571624829e-01 1.803980722192680020e+00 -7.865657569857251730e-01
2.444802783395143564e-01 -6.043680377726903252e-01 2.716197057153383332e-01
1.151828747550354137e-01 -1.256218228732477016e+00 2.887715390472482824e-01
-1.812314627744383344e+00 -1.039165961397472415e+00 -1.551146290080657408e+00
1.888891754250065169e+00 1.126548794042488311e+00 5.349297281391431902e-01
-3.073338781163936773e-02 -3.294905034925995069e-01 3.008155858050463038e-01
1.135964565126990067e-03 1.217678425809511467e+00 7.182473535691658029e-01
2.512808866702817001e-01 -4.937173577321888884e-01 -4.270230507851477952e-01
3.152306186697455548e-01 -6.310332012920838451e-01 -3.503197275119495080e-01
-4.266062043992784325e-01 5.651800268340272382e-01 -8.411151613878065092e-01
-9.634780155797617596e-02 -2.014053674086864199e-01 2.488266362172786295e-01
2.098582821355565731e-02 -5.204377851306629665e-02 5.849550350610064342e-01
1.121415359323698624e-01 1.547414605850030433e+00 -7.745229743130188638e-02
7.866254470377320729e-02 -9.410398765775189744e-01 -1.587037556386049486e-01
-3.569186917940236903e-02 -9.682573412275407021e-01 7.843172285131849719e-02
-3.181941408190649412e-01 1.357753880164356719e+00 -2.018121640833657970e+00
-3.999726538367194273e-01 -7.259696052821862366e-01 9.739553689967364036e-01
7.627169024557751698e-01 -6.844756931823616775e-01 6.303950240359337265e-01
-5.386890851098335986e-03 2.063546163676535095e+00 1.160154712046510106e+00
-7.577166386552036670e-01 -1.398156089603940444e+00 -9.985295977658514843e-01
7.008991473033785446e-01 -1.386160404194551887e-01 -8.188701071493031947e-02
-7.693878044658282178e-01 1.506491462590129338e-01 2.348795460151714920e+00
6.355291963240010666e-01 5.437102809210028198e-01 -1.694108125753535976e+00
-4.962291361098825071e-02 -6.411362496695014457e-01 -5.639458900227918292e-01
-1.703784861358820013e+00 1.207919007251332388e-01 1.042983293555760582e+00
-1.735619978873490510e-01 -2.194705524483495651e-01 -4.669882522644677181e-01
1.596381223092300239e+00 4.066413584537609260e-02 -9.576243200037835024e-01
-7.923686963926463989e-01 2.273723228225681403e-01 -9.327984690451636141e-01
9.377673842602662901e-01 -3.800208905500523926e-02 6.809165349292785052e-01
7.118945960232281323e-02 -4.567593660299871239e-01 -2.445511820086387900e-02
5.112627973296008932e-01 3.397114762148754075e+00 -6.865813802931488574e-01
-7.479279008925661110e-01 -2.436081117900325665e+00 1.287813308859270256e-01
6.113799837993676434e-01 -6.156199683787169086e-01 9.234494763606360124e-02
3.666909212085744940e-01 -1.547712317345146360e+00 9.639512043152427268e-01
-7.219299252092188368e-01 1.820753366210666080e+00 -1.167401999311582728e+00
4.716255520385237432e-01 -8.087787965662385226e-01 4.950444766693693488e-01
5.219010339506446883e-01 1.126394075934404881e+00 7.619053439994072363e-01
-1.033673202887701592e-01 1.497953609809381526e-01 -1.156618680679555311e-01
-5.949242174679008066e-01 -1.127622689403768419e+00 -3.939863147345196159e-01
6.022224543864416191e-01 1.946014039637549597e+00 -1.584794090978404180e-01
-5.694498416027320431e-01 -1.047581673981162531e+00 6.222764235860935855e-01
2.037638048520791223e-01 -4.239397129806645736e-01 -5.786596562660313303e-01
-1.327299992192096489e+00 1.571299026435855506e+00 1.726069327530597164e-01
3.179260142152529056e-03 -3.668948140103758249e-01 -1.659298428884206089e-01
8.608200925283533422e-01 -4.961113114291961779e-01 2.409036547927587701e-01
2.261895894367387250e+00 1.803944519006723368e+00 -6.613705032855632382e-01
-8.872581392560174862e-01 -1.876189266634466613e+00 -1.347883487104067912e-01
-1.654492032073339836e+00 -4.819374633646500428e-02 4.898936667604804063e-01
-1.361033306861363812e+00 1.231130637770760927e+00 -1.055173974013133842e-01
9.604542162609508438e-01 -5.862167066113627145e-01 1.509741036741648612e-01
4.190155005760676232e-01 -6.232389912364286744e-01 -2.435418350912714747e-01
1.875458805204162083e-01 1.225991309484947722e+00 9.649519359867166912e-01
1.383196976236460429e-01 -3.578147516281780516e-01 -3.453593216929382592e-01
-3.440803068570383871e-01 -4.417495727205701939e-01 -3.263189328605320405e-01
-1.069011476612764966e+00 5.354485427916078066e-01 1.963258665214991261e+00
8.023731626141561435e-02 1.732342452931083798e-01 -8.560535251945124990e-01
5.006237168678362437e-01 -3.468019329202247647e-01 -6.629667399014342877e-01
-3.909676142994702452e-01 2.093086983653839717e+00 1.920921406174784352e+00
-9.797986822036497401e-01 -1.504915761181937484e+00 -8.872970956677455057e-01
1.045030468040692995e+00 -3.580728194513962404e-01 -6.614702555776990067e-01
-1.475031985572066162e-01 1.134157664422291933e+00 2.491831740715850785e-01
-5.352093322455431235e-02 -9.547138026003147981e-01 -7.809348517427339154e-01
2.365666519540972068e-01 -4.490711843266894654e-01 4.576592766344376173e-01
-2.780206456112986224e+00 1.772391274580442655e+00 -6.037351651939170116e-01
6.505853165468211685e-01 3.710734425423227734e-01 3.472755285780224632e-01
2.231490877716390209e+00 -1.946904394866729948e+00 5.800894499821800387e-01
5.536819090302174118e-01 1.592845173040186246e+00 1.461740758654193506e+00
3.359065776400944614e-01 -4.163294984257697173e-01 -3.990279913299268344e-01
-9.443321115056768633e-01 -1.138768130903437203e+00 -7.554561954865151030e-01
-5.411190758579618176e-01 7.988642577397069289e-01 1.253709015915627445e+00
-5.951445820419483113e-01 -7.505041229322853003e-01 1.057902215906025845e-02
4.537466642432170794e-01 -3.245590746820536943e-01 -1.515995096712379642e+00
4.810677490985000304e-01 1.388409445051855151e+00 7.603154333836137369e-02
-5.363338451853105759e-02 -1.315746025777966288e-01 3.343621653651389636e-01
-7.323451690766376032e-01 -3.202037957685188729e-01 -2.977717906970230866e-01
-1.119904384798112496e+00 -1.384564597563016086e+00 2.564606745145381339e-01
5.352785807448365851e-01 1.464319632544041738e+00 -7.285572809893658963e-01
6.599451332487182853e-01 1.043655057591212909e-01 -9.786295995247495938e-02
-4.146615963548920814e-01 -1.270940085248044582e-01 1.437717167436742827e-01
-1.660235636137095128e-01 -4.957205145220791032e-01 -2.615083330837313369e-01
2.856465880581855465e-01 9.364208327715672908e-02 -9.156731824114461293e-02
-3.978467193838683968e-01 6.947685339276735705e-01 -1.166091773506936491e+00
1.917972741323265007e-01 -2.367816397486430802e-01 5.420836430267161887e-01
2.403583043645980410e-01 -3.914819755652043654e-01 7.538145341207953543e-01
-6.945754726763064824e-01 7.593822115969395270e-02 1.735383116925944602e+00
3.373451328735210808e-01 9.602005698907767339e-02 -1.997673969119255766e-01
4.797317279730964334e-01 -6.577467323928025689e-01 -1.545042570234738122e+00
-8.286324415225969631e-01 1.139853384711503992e+00 1.048361204479133946e+00
1.375756015620498651e+00 -1.891419873915952676e-01 -3.218130664797644869e-01
-1.999260063141141686e-01 -3.116712058702661992e-01 -5.388167173927431719e-01
1.609297142424531923e+00 3.555913164497104262e-01 9.723367941387097702e-01
-9.262688499036553225e-01 -2.412555479049389717e-01 1.067614925271138659e-01
-7.613457291769858415e-01 -7.409456096987265816e-02 -1.329008386406262510e+00
1.237022429296523285e+00 7.569340755161864109e-01 4.001019432347543425e-01
-6.450388145808796381e-01 -7.253199123098019729e-01 3.118434281657376239e-01
-6.316545843823639927e-01 -1.911559798926418807e-01 -6.207698980741302996e-01
-2.805981181969028349e-01 1.713118600642877798e+00 1.988007816003865003e+00
2.509852617573227196e-02 -1.821096301693040154e+00 -5.828780698325397580e-01
3.974820840263442179e-01 5.845698899383666713e-02 -8.640780827194589619e-01
1.308165088848657120e+00 1.874107952123065246e-01 1.936049089472173357e+00
-1.587211326078670659e+00 -1.286353168379626988e-01 -7.048954452598712450e-01
4.321664551984016889e-01 -5.258632636075777356e-02 -1.458912357435604434e+00
-5.807061792998080563e-01 -2.207702799160882190e-01 5.139821074781991683e-02
6.612639837246820917e-01 1.845243941076768479e-01 -5.542957508639485553e-01
4.795351882833783774e-01 3.079600085511042806e-01 1.149228438612167835e+00
-2.470791738732414089e-01 2.284107874833439134e+00 2.336490955523728985e-01
-1.433939883910138047e-01 -2.254170803679231838e+00 -1.732151430657089541e-01
2.092766729920150226e-01 -4.912375421339878478e-01 2.142128425330755981e-01
6.855323769432377645e-01 -3.904412927462388438e-01 2.383826035686817946e-01
-8.321093897323414978e-01 7.062268242367757409e-01 2.077286987872550839e-02
8.704041161098974300e-02 -2.916314712077312521e-01 -8.696166793855919508e-02
1.301359996493902660e+00 1.530691998562444311e+00 8.691910656645331912e-01
-4.648925712892353346e-01 -2.865961396860387533e-01 1.106328533280080961e-01
-6.976050531951867306e-01 -8.033921883519257179e-01 -3.469485357898521305e-01
8.178403826827507217e-02 9.047130750210949923e-01 7.154508203568639146e-01
8.270447020564564156e-02 -4.637650964769330919e-01 -5.241374134467484680e-01
-6.122495675894752409e-01 -1.993905451812717500e-01 -1.321107342547795938e-01
-4.687683766460648549e-01 1.016289389687354827e+00 1.200466804516317154e+00
-6.096134698260646800e-01 -7.540829285807846283e-01 -5.977269714096893338e-01
1.328040788007903039e+00 -7.751424071977133234e-01 -2.124296235004745625e-01
5.325450481592786112e-01 8.554161507187325597e-01 -1.642369629977027845e+00
2.692911070494301007e-01 -3.952507251620591688e-01 3.045636233359283462e-01
-6.051119001634566175e-01 -1.290619157680912843e-01 8.537797983610877495e-01
2.287033792648415442e+00 1.607030148986395623e+00 -3.558205967433747396e-01
-4.674020686036167715e-01 -1.409815212987166611e-01 1.824788365222715925e-01
-1.895028065437192488e+00 -1.108542542363453620e+00 6.692762487147403405e-01
-1.233290132148969320e+00 -5.411646119655122433e-01 1.790334850974247827e+00
-4.244749864133279260e-02 -2.386299833560716621e-01 -5.420163314328716453e-01
1.075932323704695825e+00 5.832579936742519067e-01 -1.063642514247193915e+00
-7.128690542078848225e-01 4.742653405706551695e-01 1.485884112584063832e+00
-2.979009288625755758e-02 -7.204440594681461585e-01 -2.470455780893890285e+00
2.868870368528897430e-01 1.091683010740718274e-01 8.207789517351540276e-01
6.277132971791772320e-01 7.425667371968156516e-01 -2.225001169259312128e+00
-4.185540785012709097e-01 6.760429683016910829e-02 1.376128469736430660e+00
-2.610157855552328598e-01 -1.009120646998239224e+00 4.793099792996855513e-01
1.249728715575457727e-01 9.973774933904682172e-01 1.355027619542923389e-01
3.481945022907866338e-01 1.061363469736544829e-01 -2.978563786457604223e-01
-1.235506263182672981e-01 -9.500753908835730677e-01 1.167465616543315043e-01
2.657470359885305555e-01 -2.673023364014071035e-01 -1.412274869334682492e+00
-7.102185345097820068e-01 -2.115676670958543948e-01 1.775590338394429146e+00
8.002321814830901658e-01 5.486698208949318811e-01 -3.314394286492128305e-02
-6.582005693650612166e-01 3.618590348644987742e-01 -2.827462730135650304e-01
8.502304522229842121e-01 -3.838849417496144056e-01 6.668365575359835873e-02
-3.905370678104249649e-01 -1.729773750680669853e-01 4.443163913639276430e-01
-9.737372753967754591e-01 6.103619699329154713e-02 -8.889160533123687813e-01
1.414858035897817778e+00 -4.177922942606194234e-01 6.987639143114077189e-02
2.514396256729403145e-01 3.100604302430713943e-01 3.849178088050040358e-01
7.039478838625758961e-01 1.293395645220059009e-01 1.652246038343010870e+00
1.241055909422685843e-01 -2.643767781918731075e-01 -2.381580678626171732e-02
-7.078593462238496059e-01 2.879142678611628092e-01 -1.222148422924589362e+00
1.637363635984944721e-01 9.247699786332672645e-01 -3.507448876899754708e-01
1.032771712155979849e-01 -1.280281062676269954e+00 -4.413406635994370220e-01
-1.280161564124926432e-01 -3.705819014352385032e-01 4.213326540854591684e-01
-9.806143298491969418e-01 6.512568942520644555e-01 -2.057418253681028375e+00
6.166135144877098462e-01 -5.159100589821132843e-01 1.474635262155544524e+00
4.359072198709095236e-01 -7.680548108952933717e-02 5.059552033483671885e-01
1.173909424925383860e+00 1.764612174756530871e+00 3.805989814419952211e-01
-4.245304165903487359e-01 -6.337410935041347670e-01 1.036639351288259903e-02
-2.788360041338755480e-02 -1.554682978603216803e+00 -5.048194787808375494e-01
-4.677751451101181956e-01 8.435513592113919046e-01 1.945162502322348885e+00
-2.035969117652536298e-02 2.449015022613965087e-02 -1.971280846688608257e+00
6.372960645714909056e-01 -5.677651321141166108e-01 2.908547447418818876e-01
1.883727031787054695e-01 1.071700726074527266e+00 -8.177951698141718850e-01
5.911435694191768953e-02 -1.048768154133572494e+00 3.878700874835754320e-01
6.147738640200306470e-02 -1.021006997842217601e-01 1.867321230701062262e-01
2.547307212885028704e+00 -2.255693846727304663e-01 -8.989689598404737580e-02
-2.007958419014180151e+00 -3.557937120503922301e-01 5.214980348965716495e-01
-8.327872299032439418e-01 5.781918061548045884e-01 -4.492391401446136356e-01
1.279070518456313366e-01 -1.069800679311612157e-01 1.106403646977316413e+00
8.134617886644268658e-02 4.122179029955876928e-01 -2.637916515928790950e-01
-5.471176228940348718e-01 -3.839044785372371926e-01 -1.210997335518612772e+00
-5.605925452744777715e-01 8.312340295480709074e-01 1.117404367875384441e+00
4.342276676974883287e-01 3.519855349813916234e-03 2.645718938145158461e-02
-1.778181335406612273e-01 -7.938551977059722375e-01 -8.012735008217690691e-01
3.560934120780103740e-01 8.416325319086439549e-01 3.720302399836823426e-01
-3.708152189670124166e-01 -6.576461005802713977e-01 -8.162460953610128911e-02
2.933053359707455954e-01 -6.270582670530595593e-01 3.253859327118033828e-01
2.150252158254417623e-02 8.814321695376969856e-01 1.045000934766278533e+00
2.256045053496298358e-01 -3.693544836194035952e-01 -2.606009485730758080e-01
-2.756909355098544623e-01 -1.062805129067649901e-01 -1.094418177006142301e+00
1.291724043215882745e+00 1.309446481502185566e+00 2.328270510929215220e+00
-7.059484089452085914e-03 -4.287765183835059446e-01 -5.908798885530188727e-01
-1.028805733904576858e+00 -1.034490330297378247e+00 -1.401714496654970610e+00
1.508341799579087983e+00 6.406251608075255177e-01 -2.921140927385579289e-02
-6.572204227219713424e-01 -1.101069857684304765e-01 3.910440457285568883e-01
-5.687555374970969524e-01 -9.556858347796454156e-02 -5.292795013015731964e-01
-1.524608653879724329e+00 8.738241263952959414e-01 1.696110267514692183e+00
7.586522686184027364e-01 -1.380913902430701556e-01 -1.630246707114055837e+00
9.723391908847867082e-02 -4.379764780076325081e-01 -2.054036012573505765e-01
2.557427282730202478e-01 8.291175875197218659e-01 -2.210588018659692899e+00
5.369257680301320335e-01 -9.899661872024028142e-01 4.634778021117114122e-01
-1.081289786477814374e+00 3.292300976072231045e-01 1.604044156175628011e+00
-1.326331969877999395e+00 -4.208246077568373877e-01 -1.545174238335233596e+00
1.257428978749114634e+00 7.384137071657179696e-01 3.322950299410716846e-01
1.937805033209669681e-01 -3.108924639322339090e-01 9.552847327937179500e-01
-1.085185776599237428e+00 2.087514002902977062e+00 1.064754350628708268e+00
1.082367273110949490e+00 -2.975884851923853436e-01 -4.894015280078821695e-01
2.766721689222868541e-01 -1.832992222312867625e+00 -6.771010293358923349e-01
-8.391616314528818066e-01 1.086940878287145029e+00 -8.744936018791065191e-01
6.471643358265559698e-01 -1.012158252645373402e+00 6.567143145675697902e-01
9.582926019157156361e-02 -8.016412829139492047e-01 1.087432170484081695e-01
-1.720740582433037957e-01 9.487061611926552729e-01 8.120141735875021638e-01
-1.655813023279348872e-01 -3.133457691186669614e-03 -2.326727803383406012e-01
1.091451556048432803e-01 -1.005324124051570678e+00 3.693332289372919242e-02
-2.596907300994910628e-01 -6.784909907011407171e-01 2.510224991082757207e+00
-2.689114373934886615e-01 -4.063649281793723089e-01 -1.673374594269922966e-01
5.287218249097109801e-01 9.397498670642381313e-01 -2.380470964472907625e+00
2.566581834435512910e-01 8.852854064842996529e-01 5.966824641003540819e-01
3.628633164549186496e-01 -1.251954344539913055e+00 -9.944200194560082195e-01
-6.005688453693074358e-01 3.705869205253842225e-01 6.823743739775570694e-01
2.079274462484926200e+00 8.054299951104808564e-01 1.384350541436631943e-01
1.573452946980871126e-01 6.012462510094664925e-01 -9.035692640022627842e-01
-2.360677990434781215e+00 -8.144646305509906092e-01 3.895716197456717822e-01
-2.121119411188612247e+00 -1.250776701962559301e-01 1.509169720927928893e+00
1.542792364390201398e-01 3.118765339763953648e-01 3.026865724508354116e-02
1.271684719427057964e+00 -2.033632937358669235e-01 -9.466348149139989232e-01
-2.367899955520867294e+00 6.271896305400552762e-01 -2.409845039136240263e-01
8.415493414540025086e-01 9.344017940698741143e-01 -9.184313256124143621e-02
1.396439745004592226e+00 -1.472042252224090575e+00 1.741126597609641280e-01
3.007995009413821919e-01 9.309925586853484702e-01 -1.000749488036045021e+00
2.778193736682270654e-01 -6.524366315213481204e-01 5.855804782265590092e-01
-1.449529334305199590e-02 1.342145909569403273e-01 9.697233674118255209e-02
-7.268669755037113767e-01 -3.863214945313941939e-03 2.923941994356837881e-02
-3.991801733142286146e-01 -9.424870705472034871e-01 2.631693644897161732e-01
1.154299730299301885e+00 8.049966154572221200e-01 -3.719927889942646337e-01
-1.204942948402202285e+00 1.285443736679206417e+00 -7.056716359257242388e-01
5.253700151759499448e-01 1.057648798396320089e-01 6.899622224878267929e-01
8.523371521068483503e-01 -1.018193891574714627e+00 1.645577615326057064e-01
2.071976027139188936e+00 2.720037945411393210e-01 1.608313665512822732e-01
-1.795195774934421173e+00 -6.052195351202382945e-02 3.341034652678156469e-01
-8.583646472166361896e-02 -6.749109646601096912e-01 -6.088942903082672498e-02
3.581780938997995989e-01 -1.322302634399212806e-01 -5.613102275828669718e-01
1.519240868093975072e-01 2.393241391696876441e-01 4.432229560934315415e-01
1.047471836838997916e-01 2.630672102429398862e-01 -1.848272095176328733e-02
-2.058889636297278614e-01 1.566521532150225937e+00 1.064341155151985241e+00
1.052582266234436403e-01 -3.678794878304596505e-01 -3.374883811681899104e-01
6.878647055264508481e-02 -1.396169179468444987e+00 9.795463457923370143e-02
3.485767500643888184e-03 5.517265565293374419e-01 5.947478522983153937e-01
-6.481726621566821223e-01 6.816012543998392625e-02 -3.414573351963898773e-01
3.098525852779401291e-01 -4.161504993423330578e-01 -4.309972669661314981e-01
3.638794076130502653e-01 -1.387158284027538713e-01 4.372320532073512567e-01
-1.432809706114348547e-01 -1.246456612770407979e-01 -8.641974361552486883e-01
-4.072605086858209766e-01 -1.382552709282229841e-01 5.170280945899521363e-01
4.502232919753801355e-02 -6.854000970674460902e-01 -7.308986889639790263e-02
-5.054542152536125599e-01 -2.634931980118853101e-01 -1.384285042319777226e-01
4.815924348605031824e-01 3.807159874778109909e-01 3.780877985277966147e-01
-5.731486270804253547e-01 -1.181031377153097139e+00 -1.226856642157249766e+00
-1.564640576216831391e-01 3.680010935491280222e-01 -1.053326886281675812e+00
7.001651552813572543e-01 8.627381187711975485e-01 2.081300344407146952e+00
-8.972710949227220567e-01 1.285409364275603039e+00 -3.130273210782288373e-01
4.322694410806375842e-01 -6.147043697853959987e-01 9.307241772587042661e-01
8.492802958316509887e-01 -3.369524585825973695e-01 -9.523609966443964403e-01
-8.893173314311612065e-01 1.251001801047022965e+00 -1.350383732443525275e-01
9.881933951516730374e-01 -9.364280808180946991e-01 1.159214636634657847e-01
-3.673446804591939951e-02 -2.730013129865556110e-01 -4.649442167883774957e-01
8.056706833571117832e-01 2.056171500968608790e+00 2.975509619242950876e-01
4.199984239146026255e-02 -4.563803464115845365e-01 1.668385139107231296e-01
-1.045952265783142821e+00 -1.577394949982916295e+00 -1.970193100635521666e-01
5.534271584676031530e-01 3.216718415192421077e-01 4.426005716156389269e-02
-1.194762219275155246e+00 -4.129228344435347253e-01 3.597600235932345569e-01
-1.292575393349979507e-01 -4.523780162557207163e-01 -3.494691354606604961e-02
-9.565457991190591258e-01 1.601133291285328220e+00 -2.638604521031240324e-02
1.892151039054077444e-01 -1.104422254573109718e+00 1.937333175777427030e-01
3.803385435189072794e-01 -2.967492739984138872e-01 7.774539800301205617e-02
1.642157093337403673e+00 1.183912912145071328e+00 -2.394132656571098750e+00
-5.475317126342638119e-01 -5.679526627513614701e-01 -4.982353669883510250e-01
-1.152669922586984974e+00 -6.964286019292327268e-01 2.478909763163703595e+00
-1.541164532019445588e-01 4.188449240885043778e-01 2.995074051051140884e-01
-3.531768034714959370e-01 -6.166463108377211455e-01 2.337913563166988951e-01
4.538410841686335573e-02 -8.677749294577874473e-02 -5.116072830861364551e-01
1.996850811439898621e-01 1.086179789437524690e+00 -1.902779817771402815e-01
3.080562248395068425e-01 -2.670031257721836582e-01 -4.592646261905626304e-01
-1.200098110548395880e+00 -6.209832908474020030e-01 6.726048255939627296e-01
3.059357648339566804e-01 -4.241391038172964700e-01 -7.752246350560199062e-01
-6.489595965085248608e-02 -4.653902849624964588e-01 5.399340690681624366e-01
-7.851788982476248790e-02 7.407693719261176923e-01 5.685723994254860969e-01
8.722146667588113189e-01 2.295416657761732981e-01 2.117046097647452996e+00
-8.630575056756795149e-01 -4.660463068765660077e-01 -6.371156969827991290e-01
5.860391945027254579e-01 3.535451308270318727e-01 -1.200459272725635351e+00
-6.966910265417856074e-01 1.490794747835296974e+00 1.119367756565071925e+00
1.083397337529490301e-03 -2.794314107046225182e-01 -5.522683949264983738e-02
8.620281521991042251e-01 -1.212465093595173293e+00 -9.021521225019251133e-01
6.388636610304945229e-01 -1.064009148579735609e+00 2.355803410545065368e-01
-1.361062351137753978e+00 6.420845060538331595e-01 4.994634683482774840e-01
8.038187600251980314e-01 4.505194497885751659e-01 -6.495967885689437615e-01
-5.353744991091633487e-01 -3.964268021241714735e-01 -3.834938828664554711e-01
2.882081113604693101e-01 4.170151330928728584e-01 1.738697689698580628e-01
1.105055480591610184e-01 1.470167566321780583e-01 -5.755360830415012785e-02
5.291444971326124680e-01 9.582516248509573842e-01 3.144555534527960772e-01
-3.445932077314179942e-01 -1.314448511326079760e+00 -6.464554402133204647e-01
1.780077371899517757e-01 -3.487276679752993047e-02 7.518168742128095161e-01
1.774199884959177353e+00 5.853849755061304450e-01 -6.464904336862740131e-01
-1.633577442673814772e+00 -5.449117717704360375e-01 4.568061165161532156e-01
-2.807359340649099311e-01 2.273494301963392417e-01 4.311853165744992111e-01
-1.404136908514205917e+00 1.698159041334040609e+00 2.449036267601680805e-01
5.340780923186576601e-01 -1.038790389630991129e+00 -3.750444049551808767e-01
1.247369256031325424e-01 -1.019254291209322538e+00 -1.801114336076903299e-02
3.535420215644186626e-01 1.586159884012339205e+00 -4.023557945762479271e-01
4.724954637305751604e-01 -8.310082530187292704e-01 -2.731993605348743692e-01
-7.230990568540329733e-01 -6.484845343366369974e-01 5.976404990679067275e-01
1.083908361235038420e+00 8.322091136327447458e-01 3.728788554777331399e-01
1.723563537767258680e-02 -4.008244238817915694e-01 -9.747846793908889751e-01
-4.259558632574826920e-01 -1.300457818504821006e-01 2.667821024701089727e-01
-2.847657410276619672e+00 3.613597149187768309e-01 7.507276588979827636e-02
-4.553108968970120962e-02 -6.165717502272487494e-01 1.564968578495244955e-01
3.194920396499968618e+00 4.945371543877752352e-01 -1.365321800974916844e-02
7.631016177636062991e-03 -6.968321628974389892e-01 -9.034237963342865996e-01
3.826405540873030198e-01 4.775055312118858808e-02 7.623062285309953889e-01
-1.468414454234094890e-01 3.258262983059774243e-01 3.367848323593065629e-01
4.585723057690525017e-01 5.893341108012162266e-01 5.926780418690604790e-01
8.542870253075396381e-02 -2.551049966243796874e-01 -7.907478866938211226e-03
-7.088935809359373508e-01 -3.341398251615239623e-01 -5.664164648796132795e-01
-6.260090999003233847e-01 -1.812920055008817588e-01 -9.904540436324706931e-01
5.589092395331110019e-01 6.136624830982611023e-01 5.297947946317265178e-01
1.526231160962996380e-01 -6.648615371822801379e-01 -1.942162898737080923e-01
2.567314620307779016e-01 1.021077940633076331e+00 7.265462554103132575e-01
-4.307409484174616887e-01 -1.263576522245975164e+00 -1.108724682266123196e+00
2.342708768306149825e-01 1.348785305092468079e-01 5.766467629103104731e-01
3.425194967274594049e-01 3.730569481637875384e-01 -6.789563837354273268e-01
-2.246408879312289386e-01 -5.281748172099869354e-01 3.859427509712682891e-01
1.182136439425818253e-01 3.399332629967481978e-01 -1.091403002668718258e-01
-2.558452856672932541e-01 1.117346383148561273e+00 8.098153707227939702e-01
-7.089173248480697964e-01 -9.538810662492940295e-01 -3.903753632913824489e-01
7.115031496375330278e-01 -5.438259375915414084e-01 -7.236219219820578807e-01
-4.985795924950167102e-01 -1.156265568180632641e+00 3.982117947144061532e-01
7.872956513162776560e-02 9.856036233512508460e-01 4.519730612764507605e-01
2.984546512024968123e-01 -1.193490178413547653e-02 -6.376958031418178408e-01
7.005296936624070270e-01 2.045839796679151057e+00 2.659800537441991963e-01
-9.049128804353845368e-01 -1.223738719725855795e+00 -2.427642437344139648e-01
5.647720817549828354e-02 -7.567415727896809052e-01 2.545337883445855098e-01
-1.791197094240878585e+00 2.435332750287934722e+00 -2.149290452902580029e+00
2.932465649815398923e-01 -8.711093290238425269e-02 1.496437294129434825e+00
1.252353823799287724e+00 -2.316841037427419536e+00 8.404995932638481548e-01
1.125226203413371096e+00 2.219975962955705651e+00 -1.013911035096484170e-01
2.659423020174023211e-01 -8.811860152214086028e-01 2.116148285833219234e-02
-1.546258162355124810e+00 -1.400912596776968222e+00 -2.988990205887620544e-02
-1.348731613592962120e+00 1.591235749540756750e+00 7.408128925930466124e-01
5.614659621587461125e-01 -4.652291789300067038e-01 1.179445570995198977e-01
6.858000570434921173e-01 -2.355202057196311705e-01 -1.034763276521680986e+00
5.894114130101959503e-01 -4.953055937137786913e-01 7.115136926971539211e-01
-5.517533839304767929e-01 4.817895418640194549e-01 -6.954375254373317272e-01
-6.012723160507293940e-02 2.508206378036379469e-01 4.647123720376811207e-02
4.375393553547670678e-01 6.752257199280666811e-01 2.550902496307383416e-01
-4.594116985507028517e-01 -7.510394210641901935e-02 3.110801449726796619e-01
-5.345719763475464958e-02 -3.306373553168384660e-01 -1.077895595778626259e-01
4.672406179422852190e-01 1.116255505231589673e+00 -1.391968260734706142e+00
7.873123484625521584e-02 -4.575584374988217462e-02 7.601790254641502820e-01
-3.652694168872261948e-01 -7.911809132904501496e-01 9.447442748978662763e-01
8.649239463257343274e-01 1.248087019965547384e+00 -5.888451540057513256e-01
-7.870122447199783267e-01 -3.836139403666800618e-01 -5.528277784832313912e-02
-4.067242168387137369e-01 -1.146236262412877238e+00 8.993213658373582220e-01
-7.124529290610608356e-01 1.403634646815892673e+00 -1.422221213941474716e+00
-9.614346970909792844e-04 -1.115858174053710350e+00 -5.646597571796392323e-01
-3.820735452772279217e-01 -8.508798847344345440e-01 1.961307886339640483e+00
-1.563045216368372792e-01 1.275116591046273840e+00 -1.031786414822724041e-01
-7.844840765944305350e-02 -8.409479401195945059e-01 3.113367492526946112e-01
7.924231733418451995e-02 -4.672570640135025322e-01 -2.049739645473342975e-01
-1.295217620304267570e+00 -4.159988559001774888e-01 8.682203462745645695e-01
-5.209806568332442378e-01 8.257801247953633350e-02 -8.603573333513585553e-01
1.342273717448735582e+00 -7.886138260966690794e-02 -1.911574371776292303e-02
-7.494496008768667394e-01 1.207333963047537484e+00 3.314626376660365636e-01
1.576106558072778441e-01 -7.975287151631524907e-01 -2.610694746405046729e-01
7.314216624174418868e-01 -9.800313206337025740e-01 -5.705595675864927330e-02
-1.847900920396212898e+00 3.217667861786684291e+00 8.176809811146767970e-01
9.959043758309844563e-01 -1.726415569266200656e+00 8.118660478898420685e-01
6.738419982222012550e-01 -1.400710678099057471e+00 -1.147369655595119831e+00
4.689584055396300855e-01 7.740134098845325994e-01 3.581618533384594016e-01
-3.164611651586257679e-01 -4.710115117546576080e-01 3.616035186872945673e-02
2.127819598493426723e-01 -2.985823951726210845e-01 -6.155076033931194956e-02
-1.117956208849694377e+00 7.971936354987414486e-01 -1.305557187733057400e-01
1.103286776784671019e-01 -1.229764732234066571e-01 6.100257378165450106e-01
1.712528033020861429e-01 -7.036876517271863918e-01 -6.352192311598079399e-01
-6.832497061928999305e-01 4.983463848609170910e-01 -4.495015807455349233e-01
1.104640522643328460e+00 -2.389640200905435996e-01 -1.026828467560108038e-01
-7.260265144752224842e-01 -6.489843896680964619e-01 1.247247667543476268e-01
4.503802628546980102e-01 1.743152114365301486e+00 5.160193375982746744e-02
-8.543137684976365165e-02 -9.306305949964635005e-01 -4.447970124657898428e-01
-1.421806828272405010e-01 -1.346630147991851878e+00 3.594220702366337505e-01
1.865910839793194498e-02 1.230854423193194824e+00 5.208915451406106456e-01
3.346873170215429738e-01 -2.189433990572542399e-02 -4.625881685964023937e-01
-1.724011001660430420e-01 -8.749835821997775653e-01 -5.582501479109476250e-01
8.317152285091378161e-01 1.752933202618237374e+00 4.829552457431240953e-01
-6.598540518446130987e-01 -2.600838389111741478e-01 -6.036344867068050846e-01
-4.504569161617162365e-01 -1.401929882159172358e+00 -1.072703197058544333e-01
-6.223016108064038932e-01 3.981896964114851389e+00 -1.334370185753064542e+00
1.138879076960989778e+00 -8.820845953448355203e-01 5.537481278097313719e-01
-2.338763483333439197e-01 -2.898026686081561998e+00 7.400963634785671097e-01
1.876416681414590393e+00 9.914523346128252257e-01 -2.694882771672475474e-01
-1.503465900960975432e+00 -3.957614660075595703e-01 6.350188935954398373e-02
-2.474491086649741600e-01 -6.790252634376789942e-01 -5.218987448320957512e-01
5.090095510184040606e-01 -6.505170039977885565e-01 -5.210096813061158016e-01
-9.150949256603357895e-02 -1.422832822406649989e-01 -2.145351837107201121e-01
-2.435856526362421004e-01 8.947827464610389470e-01 8.580569024938928813e-01
-1.767697255218111385e+00 1.083557714966820296e+00 -9.058394902060253884e-01
-1.144737592364766243e-01 -3.852051151712103660e-01 -5.787858587892991125e-02
1.376827751126939781e+00 -5.764468178579049695e-01 7.919276345870303047e-01
-2.658831179342670215e+00 -6.223148796998536625e-01 -1.561319771931221290e+00
7.464718295739181109e-01 -7.256464963168065552e-01 7.515105076869676992e-01
1.177723875864172598e+00 1.525945951519433130e+00 6.389430190653735409e-01
2.271960594640782816e+00 8.623437365489154960e-01 -6.796109440277122715e-01
-8.043681068721912908e-01 2.441539402198618092e-01 1.372505497683983222e+00
-1.367183821467737204e+00 -1.164196788508729874e+00 -7.218781580808286691e-01
1.078363986996577206e-01 1.274889221446764864e+00 -5.125996881502152824e-01
2.809642159339569290e-01 -4.060917306988844899e-01 2.354892027248218778e-01
-2.190464463350139113e-03 -7.401177450478861886e-01 2.835745354834253718e-01
5.811710075817400067e-01 1.099836537531001968e+00 -1.945862771349808895e-01
6.349387987485868301e-01 -6.777742639706267891e-01 7.817016535458343185e-01
-1.458053659704049210e+00 -3.387966875032137337e-01 -8.155743013470901914e-01
-2.765654995617589762e+00 4.062148070876757444e+00 1.095504539211227479e+00
-9.745168211918953105e-03 -1.604759189991174395e+00 -1.192438014306931304e-01
2.881221347994197046e+00 -1.907960842509440980e+00 -2.683102245434026978e-01
-1.711087553998846822e-01 2.858454112534498215e+00 -7.738687598245443944e-01
-1.147655846419954440e+00 -1.374855483101071751e+00 6.893769206738831201e-01
1.216247531676862614e+00 -7.209190858994141138e-01 5.166596723659109269e-01
8.875505221669275357e-01 1.433698695623881747e+00 -1.066550522498362685e+00
-2.983026894131350915e-01 -2.780298868458812578e-01 -1.413100413781620546e-03
-8.822776147799489266e-01 -1.372325007913756556e+00 8.245576493789306127e-01
-1.227170205866893404e+00 1.566902573382112696e+00 4.875447186604322525e-01
3.813323458170234659e-01 -6.105559060023395546e-01 9.170143560678778449e-01
1.249161578069537981e+00 -5.577995029241893388e-01 -1.849511329355657097e+00
-1.518257971951029184e+00 -4.238905803225123670e-01 -2.620271443232924380e-01
1.209203609555402181e+00 -6.765876526495904209e-01 -5.281219163464565547e-01
5.375005748145880169e-01 1.085770758181887174e+00 1.295982642507829574e+00
2.103208301533450175e-01 5.289510905477012859e-01 6.260061122051556737e-01
-2.893631323838157243e-01 -4.100939867892539059e-02 -2.497441903303432298e-01
-4.509866338065569025e-01 -4.395333542547859018e-01 -5.762318904743359838e-01
6.703037976236903006e-01 2.128379874732786448e-01 1.360076225452846899e+00
-7.454978478390641428e-01 2.219167892674507314e-01 -1.018482461023161534e+00
-2.383679413079151654e-01 -1.172643746036827750e-01 -1.248603833252599493e-01
2.625119504048303298e-01 -3.224244277836211259e-01 2.206900948750464053e+00
2.268965366445305776e-01 7.963610286912934377e-01 -2.349813441633388678e+00
-4.346797213094157897e-01 -2.205893552183182393e-01 1.837647448199569711e-01
-7.846725105961560587e-02 9.428207805392814223e-01 3.515974160257133718e-01
-3.619478265373539116e-01 1.425110620135088269e-01 5.958635808392086508e-01
-9.302719543101245492e-02 -1.105338480449138183e+00 -7.265912072314817394e-01
9.728108954979091116e-01 1.135132208812455801e+00 -5.809811250574767882e-01
-9.518352126954736647e-01 -6.434909260857342161e-01 6.546152355742140827e-01
2.617856586761746485e-02 -1.971180498902409539e-01 2.671409109408848792e-01
-3.626478355575657453e-02 3.901622556983426193e-01 -1.237507911814951900e+00
5.042275143599178611e-02 1.401069829723899929e-01 1.387803443152886729e+00
8.685781234784684113e-02 -2.916322852175738944e-01 1.748833391534621029e-02
2.718806427124533798e-01 -4.844962165758528450e-01 -1.764797740317298747e-01
1.446819860667090119e-01 -2.900971280597972601e-01 -2.553505932729587258e-01
-3.783339311930808968e-01 4.280040441336527834e-01 2.499451449825444982e-01
-1.345605250641934703e-01 6.572657538055004522e-02 1.572385772769311352e-01
-7.151448700193663299e-02 -2.818853302804296135e-01 2.264235341543818503e-01
6.935605336676911037e-01 4.055249391160309358e-02 -3.000241474812161968e-01
-3.693050109602120656e+00 2.728162520149552961e+00 -2.126798783261703463e+00
3.391282915995233793e+00 -1.879646687365502000e+00 1.009264867060071458e+00
-7.226875849689340381e-02 -1.103012929262477959e+00 1.122228855131427672e+00
-1.822411971820987464e-01 1.056356403735829064e+00 1.401412987975646729e+00
1.830013351521935228e-01 -7.370111300247232933e-01 -1.120928381194330470e+00
1.618883961991701703e-01 -2.754992145530872349e-01 -3.933808627052117757e-01
-2.616137973999475008e-01 1.166935209285962394e+00 4.074325244151628667e-01
1.049798092757336931e-01 -2.776007384694472169e-01 -2.528442179292822445e-01
3.042409544271751365e-01 -1.101170489484367021e+00 -5.982823107884027714e-01
8.678191566315804906e-01 1.533678398728472558e+00 6.587554079517010663e-02
-8.798713591503481979e-02 2.715434245024894722e-02 4.668636504495022321e-01
-8.779727284214606797e-01 -1.410670926478235110e+00 -1.145253020209056061e-01
1.084314550784295506e-01 -1.419085662727763264e+00 -4.898680595920108516e-01
2.551359155707284554e-01 1.549956101797850927e+00 1.322528301837009757e+00
2.856985145497059619e-02 -7.440689666895492493e-01 -3.693078849999005264e-01
-1.014033651144156778e+00 1.046445436010383645e-01 3.904052291566362243e-02
5.772678861054911792e-01 -1.534816885384078233e-01 5.595495042079627890e-01
-2.677569060829798619e-01 -6.959573852776346214e-02 -6.623387531721007804e-01
-6.044468970813161590e-01 -1.733539749443885114e+00 6.480234809323537348e-01
-4.706384640589185153e-01 1.473336865390469264e+00 -4.785124932004558573e-02
8.049053009490423349e-01 2.023708748741577246e-01 -8.590882888859674438e-01
1.126812264201888958e+00 1.141737157481327758e+00 1.006309027965362368e+00
-6.912064701417914847e-01 -5.385828382491339994e-01 -6.470228157372681643e-01
-6.496362047778303506e-01 -6.568937380891446409e-01 -7.949278309293683620e-02
-3.169677048441411626e-01 4.804837543725479776e-01 -7.140207519097456768e-01
-3.273067411650878444e-01 -6.299234437357341676e-01 1.160202511883414722e+00
1.258122059749210708e-01 -5.858646124186961401e-01 9.920974262658432963e-02
3.256042215772634307e-01 1.647199802798843926e+00 -2.621966404316655730e+00
-8.905366158839327362e-01 -8.856100296451350218e-01 2.177452686025083128e-01
9.385819068963634493e-01 -8.870574174576262294e-02 2.865800299497031745e+00
1.182325094129793808e+00 1.153334354205560075e+00 6.591342534890540783e-01
-8.495765234642256303e-01 -7.264522308273324569e-01 -6.621464834426147306e-01
-3.914066085183236510e-01 -9.838891692717854909e-02 -1.612622036693038829e-01
-2.388945960372454991e-01 -9.892075021507569232e-01 5.206361570842021891e-01
-2.726878104185370688e-01 9.590043738368727588e-01 -5.958383929802306689e-01
7.602946063660560583e-01 -8.461471080378757392e-04 3.862121256782020673e-01
1.042773965867292318e+00 1.459203147996088745e-01 -1.767320179544016323e-01
-2.977465918869706130e-01 1.446757878784676876e-02 1.593228305627185648e-01
-5.789052314582843195e-01 8.860899601908711620e-02 3.803429865576628544e-01
-1.016804851615463967e+00 1.316572734923239230e+00 -1.320065587476056734e+00
8.073365279918975901e-01 -1.147426559867327001e+00 8.888014412950173693e-01
4.942890292993773471e-01 -1.185950806055231510e-01 3.763113111135170108e-01
-2.613894950594479738e-01 -1.784451250503709119e-01 -1.687010858206114960e-01
1.880553976352432599e-01 -2.487668395294742041e-01 4.158947635629752781e-01
8.298466943492703862e-01 3.380950248511380707e-01 -5.879712264783965026e-01
1.776830751388545071e-01 -2.166445930743154946e-01 8.696114726264063677e-01
5.735280997688807503e-02 8.469229194746930034e-02 -3.593113496927147210e-01
6.183821747021500670e-02 -1.327299408990665341e-01 -6.706655372308381047e-01
-5.475154015535821372e-01 1.288843469295063215e+00 -3.750888587370857508e-01
-2.897132093281136189e-01 -1.076925604700889494e+00 9.239433826031806518e-02
9.894904806997582014e-01 3.028064984197368359e-01 2.170398808321327699e-01
6.583050446737086503e-01 1.555993404243146472e+00 -8.128368619095849290e-02
-1.463022273115850425e-01 -3.944831554119954120e-01 5.837155779763433805e-02
-9.494840635061896350e-02 -1.050742431204577443e+00 3.530364426265848038e-02
1.214779620651698977e+00 2.246317982535916968e-01 -1.087261437934316177e+00
-1.044377835134946864e+00 -6.442137503101226237e-01 1.097729769151323254e-02
-1.768057489926631032e-01 2.663571907542867656e-01 1.094294483851405708e+00
-4.304168816553777255e-01 5.638953014480236892e-01 -8.334329838340561736e-01
-6.772295929539962067e-02 7.369713371901642773e-02 6.373316409351419409e-01
7.823824129307705988e-01 -8.608028934935445520e-01 -2.435353670165687490e-01
1.932511443959175068e-01 -2.072579585445296080e-01 -1.370620350825763722e+00
-6.065042446771800044e-01 -6.322068587803748585e-01 -7.136962939104718462e-01
3.921468027447863047e-01 8.269871031701621078e-01 1.754301147004316164e+00
-6.895115061154903913e-01 1.830454409497672130e-01 -1.837921128850282582e+00
7.360151903549629893e-01 -8.130739576954004733e-02 9.649034582586661912e-01
-1.737404792625731886e-01 -1.031072040871432449e-01 4.711380862664249491e-01
1.701078224790037119e+00 1.132114612225534112e+00 -1.647576294170565170e-01
-1.664926319290453094e+00 -8.628069896484700241e-01 1.058586886860108489e+00
-1.698295420564002178e-01 -4.034021037525311604e-01 -7.468566762987176588e-01
1.451679599174691582e+00 4.810302159370483110e-02 -8.777395363055884303e-02
-1.637981416288405434e+00 -6.741808567717697542e-01 -4.978058840866690371e-01
4.406865247395472807e-01 -5.332240396469103416e-01 7.845729877176410572e-02
-1.063050122089793881e+00 3.415410985539839572e-01 -1.448915573638216436e-01
8.554694119694286059e-01 -5.953434833458679520e-01 4.992374690182708186e-01
1.271640361281329845e-01 2.961294431294128060e-01 -4.372106644740498815e-01
-1.591171668068502854e-01 9.358824059996817546e-01 -1.202487345176510125e+00
-1.681155077503637685e-01 -4.077524045920118967e-01 9.132274351516969091e-01
5.741341825781329788e-01 -1.032959733868522356e+00 3.012993758174111747e-01
1.781973646770719455e+00 8.265731738954977814e-01 -1.731916142220226718e-01
-6.028120689083733552e-01 -9.747949141774165938e-01 4.715678952391177958e-02
-1.569084195124895054e+00 -6.748796284383962174e-02 3.252602320244477596e-01
-4.868091342500252772e+00 3.048662161951378735e+00 -2.854377411183341984e+00
4.357336878463671681e+00 -3.651024275896417315e+00 2.905743397287189111e+00
1.336858569818248910e-01 6.998606737397734534e-01 1.709682842571103034e-02
7.657915275383695430e-01 1.663348004873228536e+00 -3.231035903663633135e+00
-1.850182690166942479e+00 -8.843422941033762807e-01 1.150958962471225977e+00
1.080565269567514086e+00 -7.717144974887331088e-01 2.081409528937161468e+00
-7.328120244464297883e-01 9.563210803380634006e-01 2.861165829907785785e-01
1.073016086619466236e+00 -5.964143203839360474e-01 8.765860044491491365e-01
-2.299281237869847949e-01 -1.643400667189667264e-01 -1.029735447807748727e+00
-6.046246201233014261e-01 7.221462838852681365e-01 -1.758819415461461144e-01
8.661525377383316737e-02 -4.930195446216143473e-01 6.529104226964159707e-01
5.406847634754265997e-01 -2.637848736747141487e-01 -3.462261380589639614e-01
1.314148476935557142e-01 1.353056385944375828e+00 -6.739828023336057461e-01
1.902300719860212652e-01 -6.820214236814590159e-01 5.975797853551894079e-01
-2.849109615367799719e-01 -1.031705444776211955e-01 -1.196732749016256037e-01
-8.056751245285322938e-01 1.508776339579160464e+00 -2.715340389391087683e-01
1.446051897811564402e-01 -8.617289250977309134e-01 4.529247906146798286e-01
3.279706946932585687e-01 -4.500772603429759045e-01 1.236476650969180469e-01
-9.974836575612160416e-01 -1.886411795855858609e+00 2.228822066390992340e+00
6.229993860960370000e-02 4.386841712135698401e-01 -2.333222078679306755e-01
1.203403130649537189e+00 1.275242525990053721e+00 -2.198388910932067120e+00
9.249370914089749540e-02 4.678409512796770642e-01 -5.289635615565746463e-02
-1.041633848417637509e+00 -1.760787319244536825e-02 8.405804084797807718e-01
5.915843533795674958e-01 -7.789613346801127491e-01 -6.161603330677255519e-01
0.000000000000000000e+00 0.000000000000000000e+00 0.000000000000000000e+00
0.000000000000000000e+00 0.000000000000000000e+00 0.000000000000000000e+00
0.000000000000000000e+00 0.000000000000000000e+00 0.000000000000000000e+00
0.000000000000000000e+00 0.000000000000000000e+00 0.000000000000000000e+00
0.000000000000000000e+00 0.000000000000000000e+00 0.000000000000000000e+00
0.000000000000000000e+00 0.000000000000000000e+00 0.000000000000000000e+00
0.000000000000000000e+00 0.000000000000000000e+00 0.000000000000000000e+00
0.000000000000000000e+00 0.000000000000000000e+00 0.000000000000000000e+00
0.000000000000000000e+00 0.000000000000000000e+00 0.000000000000000000e+00
0.000000000000000000e+00 0.000000000000000000e+00 0.000000000000000000e+00
0.000000000000000000e+00 0.000000000000000000e+00 0.000000000000000000e+00
0.000000000000000000e+00 0.000000000000000000e+00 0.000000000000000000e+00
0.000000000000000000e+00 0.000000000000000000e+00 0.000000000000000000e+00
0.000000000000000000e+00 0.000000000000000000e+00 0.000000000000000000e+00
0.000000000000000000e+00 0.000000000000000000e+00 0.000000000000000000e+00
0.000000000000000000e+00 0.000000000000000000e+00 0.000000000000000000e+00
0.000000000000000000e+00 0.000000000000000000e+00 0.000000000000000000e+00
0.000000000000000000e+00 0.000000000000000000e+00 0.000000000000000000e+00
0.000000000000000000e+00 0.000000000000000000e+00 0.000000000000000000e+00
0.000000000000000000e+00 0.000000000000000000e+00 0.000000000000000000e+00
0.000000000000000000e+00 0.000000000000000000e+00 0.000000000000000000e+00
0.000000000000000000e+00 0.000000000000000000e+00 0.000000000000000000e+00
0.000000000000000000e+00 0.000000000000000000e+00 0.000000000000000000e+00
0.000000000000000000e+00 0.000000000000000000e+00 0.000000000000000000e+00
0.000000000000000000e+00 0.000000000000000000e+00 0.000000000000000000e+00
0.000000000000000000e+00 0.000000000000000000e+00 0.000000000000000000e+00
0.000000000000000000e+00 0.000000000000000000e+00 0.000000000000000000e+00
0.000000000000000000e+00 0.000000000000000000e+00 0.000000000000000000e+00
0.000000000000000000e+00 0.000000000000000000e+00 0.000000000000000000e+00
0.000000000000000000e+00 0.000000000000000000e+00 0.000000000000000000e+00
0.000000000000000000e+00 0.000000000000000000e+00 0.000000000000000000e+00
0.000000000000000000e+00 0.000000000000000000e+00 0.000000000000000000e+00
0.000000000000000000e+00 0.000000000000000000e+00 0.000000000000000000e+00
0.000000000000000000e+00 0.000000000000000000e+00 0.000000000000000000e+00
0.000000000000000000e+00 0.000000000000000000e+00 0.000000000000000000e+00
0.000000000000000000e+00 0.000000000000000000e+00 0.000000000000000000e+00
0.000000000000000000e+00 0.000000000000000000e+00 0.000000000000000000e+00
0.000000000000000000e+00 0.000000000000000000e+00 0.000000000000000000e+00
0.000000000000000000e+00 0.000000000000000000e+00 0.000000000000000000e+00
0.000000000000000000e+00 0.000000000000000000e+00 0.000000000000000000e+00
0.000000000000000000e+00 0.000000000000000000e+00 0.000000000000000000e+00
0.000000000000000000e+00 0.000000000000000000e+00 0.000000000000000000e+00
0.000000000000000000e+00 0.000000000000000000e+00 0.000000000000000000e+00
0.000000000000000000e+00 0.000000000000000000e+00 0.000000000000000000e+00
0.000000000000000000e+00 0.000000000000000000e+00 0.000000000000000000e+00
0.000000000000000000e+00 0.000000000000000000e+00 0.000000000000000000e+00
0.000000000000000000e+00 0.000000000000000000e+00 0.000000000000000000e+00
0.000000000000000000e+00 0.000000000000000000e+00 0.000000000000000000e+00
0.000000000000000000e+00 0.000000000000000000e+00 0.000000000000000000e+00
0.000000000000000000e+00 0.000000000000000000e+00 0.000000000000000000e+00
0.000000000000000000e+00 0.000000000000000000e+00 0.000000000000000000e+00
0.000000000000000000e+00 0.000000000000000000e+00 0.000000000000000000e+00
0.000000000000000000e+00 0.000000000000000000e+00 0.000000000000000000e+00
0.000000000000000000e+00 0.000000000000000000e+00 0.000000000000000000e+00
0.000000000000000000e+00 0.000000000000000000e+00 0.000000000000000000e+00
0.000000000000000000e+00 0.000000000000000000e+00 0.000000000000000000e+00
0.000000000000000000e+00 0.000000000000000000e+00 0.000000000000000000e+00
0.000000000000000000e+00 0.000000000000000000e+00 0.000000000000000000e+00
0.000000000000000000e+00 0.000000000000000000e+00 0.000000000000000000e+00
0.000000000000000000e+00 0.000000000000000000e+00 0.000000000000000000e+00
0.000000000000000000e+00 0.000000000000000000e+00 0.000000000000000000e+00
0.000000000000000000e+00 0.000000000000000000e+00 0.000000000000000000e+00
0.000000000000000000e+00 0.000000000000000000e+00 0.000000000000000000e+00
0.000000000000000000e+00 0.000000000000000000e+00 0.000000000000000000e+00
0.000000000000000000e+00 0.000000000000000000e+00 0.000000000000000000e+00
0.000000000000000000e+00 0.000000000000000000e+00 0.000000000000000000e+00
0.000000000000000000e+00 0.000000000000000000e+00 0.000000000000000000e+00
0.000000000000000000e+00 0.000000000000000000e+00 0.000000000000000000e+00
0.000000000000000000e+00 0.000000000000000000e+00 0.000000000000000000e+00
0.000000000000000000e+00 0.000000000000000000e+00 0.000000000000000000e+00
0.000000000000000000e+00 0.000000000000000000e+00 0.000000000000000000e+00
0.000000000000000000e+00 0.000000000000000000e+00 0.000000000000000000e+00
0.000000000000000000e+00 0.000000000000000000e+00 0.000000000000000000e+00
0.000000000000000000e+00 0.000000000000000000e+00 0.000000000000000000e+00
0.000000000000000000e+00 0.000000000000000000e+00 0.000000000000000000e+00
0.000000000000000000e+00 0.000000000000000000e+00 0.000000000000000000e+00
0.000000000000000000e+00 0.000000000000000000e+00 0.000000000000000000e+00
0.000000000000000000e+00 0.000000000000000000e+00 0.000000000000000000e+00
0.000000000000000000e+00 0.000000000000000000e+00 0.000000000000000000e+00
0.000000000000000000e+00 0.000000000000000000e+00 0.000000000000000000e+00
0.000000000000000000e+00 0.000000000000000000e+00 0.000000000000000000e+00
0.000000000000000000e+00 0.000000000000000000e+00 0.000000000000000000e+00
0.000000000000000000e+00 0.000000000000000000e+00 0.000000000000000000e+00
0.000000000000000000e+00 0.000000000000000000e+00 0.000000000000000000e+00
0.000000000000000000e+00 0.000000000000000000e+00 0.000000000000000000e+00
0.000000000000000000e+00 0.000000000000000000e+00 0.000000000000000000e+00
0.000000000000000000e+00 0.000000000000000000e+00 0.000000000000000000e+00
0.000000000000000000e+00 0.000000000000000000e+00 0.000000000000000000e+00
0.000000000000000000e+00 0.000000000000000000e+00 0.000000000000000000e+00
0.000000000000000000e+00 0.000000000000000000e+00 0.000000000000000000e+00
0.000000000000000000e+00 0.000000000000000000e+00 0.000000000000000000e+00
0.000000000000000000e+00 0.000000000000000000e+00 0.000000000000000000e+00
0.000000000000000000e+00 0.000000000000000000e+00 0.000000000000000000e+00
0.000000000000000000e+00 0.000000000000000000e+00 0.000000000000000000e+00
0.000000000000000000e+00 0.000000000000000000e+00 0.000000000000000000e+00
0.000000000000000000e+00 0.000000000000000000e+00 0.000000000000000000e+00
0.000000000000000000e+00 0.000000000000000000e+00 0.000000000000000000e+00
0.000000000000000000e+00 0.000000000000000000e+00 0.000000000000000000e+00
0.000000000000000000e+00 0.000000000000000000e+00 0.000000000000000000e+00
0.000000000000000000e+00 0.000000000000000000e+00 0.000000000000000000e+00
0.000000000000000000e+00 0.000000000000000000e+00 0.000000000000000000e+00
0.000000000000000000e+00 0.000000000000000000e+00 0.000000000000000000e+00
0.000000000000000000e+00 0.000000000000000000e+00 0.000000000000000000e+00
0.000000000000000000e+00 0.000000000000000000e+00 0.000000000000000000e+00
0.000000000000000000e+00 0.000000000000000000e+00 0.000000000000000000e+00
0.000000000000000000e+00 0.000000000000000000e+00 0.000000000000000000e+00
0.000000000000000000e+00 0.000000000000000000e+00 0.000000000000000000e+00
0.000000000000000000e+00 0.000000000000000000e+00 0.000000000000000000e+00
0.000000000000000000e+00 0.000000000000000000e+00 0.000000000000000000e+00
0.000000000000000000e+00 0.000000000000000000e+00 0.000000000000000000e+00
0.000000000000000000e+00 0.000000000000000000e+00 0.000000000000000000e+00
0.000000000000000000e+00 0.000000000000000000e+00 0.000000000000000000e+00
0.000000000000000000e+00 0.000000000000000000e+00 0.000000000000000000e+00
0.000000000000000000e+00 0.000000000000000000e+00 0.000000000000000000e+00
0.000000000000000000e+00 0.000000000000000000e+00 0.000000000000000000e+00
0.000000000000000000e+00 0.000000000000000000e+00 0.000000000000000000e+00
0.000000000000000000e+00 0.000000000000000000e+00 0.000000000000000000e+00
0.000000000000000000e+00 0.000000000000000000e+00 0.000000000000000000e+00
0.000000000000000000e+00 0.000000000000000000e+00 0.000000000000000000e+00
0.000000000000000000e+00 0.000000000000000000e+00 0.000000000000000000e+00
0.000000000000000000e+00 0.000000000000000000e+00 0.000000000000000000e+00
0.000000000000000000e+00 0.000000000000000000e+00 0.000000000000000000e+00
0.000000000000000000e+00 0.000000000000000000e+00 0.000000000000000000e+00
0.000000000000000000e+00 0.000000000000000000e+00 0.000000000000000000e+00
0.000000000000000000e+00 0.000000000000000000e+00 0.000000000000000000e+00
0.000000000000000000e+00 0.000000000000000000e+00 0.000000000000000000e+00
0.000000000000000000e+00 0.000000000000000000e+00 0.000000000000000000e+00
0.000000000000000000e+00 0.000000000000000000e+00 0.000000000000000000e+00
0.000000000000000000e+00 0.000000000000000000e+00 0.000000000000000000e+00
0.000000000000000000e+00 0.000000000000000000e+00 0.000000000000000000e+00
0.000000000000000000e+00 0.000000000000000000e+00 0.000000000000000000e+00
0.000000000000000000e+00 0.000000000000000000e+00 0.000000000000000000e+00
0.000000000000000000e+00 0.000000000000000000e+00 0.000000000000000000e+00
0.000000000000000000e+00 0.000000000000000000e+00 0.000000000000000000e+00
0.000000000000000000e+00 0.000000000000000000e+00 0.000000000000000000e+00
0.000000000000000000e+00 0.000000000000000000e+00 0.000000000000000000e+00
0.000000000000000000e+00 0.000000000000000000e+00 0.000000000000000000e+00
0.000000000000000000e+00 0.000000000000000000e+00 0.000000000000000000e+00
0.000000000000000000e+00 0.000000000000000000e+00 0.000000000000000000e+00
0.000000000000000000e+00 0.000000000000000000e+00 0.000000000000000000e+00
0.000000000000000000e+00 0.000000000000000000e+00 0.000000000000000000e+00
0.000000000000000000e+00 0.000000000000000000e+00 0.000000000000000000e+00
0.000000000000000000e+00 0.000000000000000000e+00 0.000000000000000000e+00
0.000000000000000000e+00 0.000000000000000000e+00 0.000000000000000000e+00
